YWHAZ	ACTB	ARF3	AFM	SERPINA1	A1BG	SERPINF2	AHSG	A2M	ANPEP	ANGPTL3	AGT	ANTXR1	ANTXR2	SERPINC1	APOA1	APOA2	APOA4	APOA5	APOB	APOC1	APOC2	APOC3	APOC4; APOC4-APOC2	APOD	APOE	APOF	APOL1	APOM	LPA	APOH	B2M	CNDP1	BPIFB1	C4BPA	CAMP	CD44	CD5L	CD59	CD99	CD99L2	CETP	CLU	F13A1	COL18A1	C3	C4A; C4B	C4B; C4B_2; LOC100293534	C5	C6	C9	ETFDH	CD248	LIPG	PROCR	FERMT3	FGA	FGB	FGG	FGFBP2	GSN	GYPA	PLA2G12B	SAR1A	HP	HPR	HBA2; HBA1	HBB	HPX	LIPC	HRG	HLA-A	HLA-A	HLA-G	HLA-B	HLA-B	HLA-B	HLA-B	IGHA1	IGHG1	IGHG4	IGKC	IGHM	IGLL5	IHH	INHBC	IMPAD1	ITGA2	ITGA2B	ITGB1	ITGB2	ITGB3	ITIH1	ITIH2	ITIH4	ICAM4	KRT10	KRT9	KRT1	KRT2	KRT5	KRTDAP	KNG1	SPN; LOC101929889; LOC105369261	LBP	SELL	MXRA8	MADCAM1	MMRN2	MYH7	PLIN1	LCAT	GPLD1	PLTP	SERPING1	PLG	PPBP	PLXDC1	PODXL	PCYOX1	PCSK9	AMBP	FAM177A1	C1orf56	SERPINA10	F2	SFTPB	PRSS3P2	RAB11B	RAP1B	FAM213A	SCGB3A1	SCGB3A2	TF	ALB	SAA1	SAA2	SAA4	PON1	PON3	SHH	TLN1	THBS1	TFPI	TTR	PRSS1	PRSS3	VCAM1	GC	PROS1	VTN
				65.3		137.1	108				34.3	114.8	108.1		123	97.7	92.7	65.3	59	84.2	113.4	75.2	87.9	84.1	109.8	141.6	64.8	115	84.2	60.2		255.8		64.7	84.7	209.1			120.6			83.2	113.1	87.7	100.2	235.2	165.2	182.1	257.9	80.2						91.2	42	33.8		98.7	70.5			90.7	161.7	9451.7	725.3									86.5		48.2			73.2			142		124.8				123.8				80.6				18.2			123.2			102.2	119.4			127.4					88						112.9				85.9			34.6				273				101.8	9.4	14.4	111.9	115.2	101.6					140.1	126.4					
				161.1		112.5					17.4	171.8	171.2		113.1	107.9	121.2		46.7	85.3	91	101.1	152	54.3	90.3	91	54	123.5	50.4	170.7	36.2	222.8		79.9	113.4	216			124.3			139.9	97.9	125	62.2	129.6	74	43.8		57.1				114.5		41.3	33.6	43.9		85.9	107.7			111.2	103.5	43.4	58.2				20.3					25.8					45.2			57.7		153.4				130.1				64.1				7.8			211.9			36				125.9					137						87.2							21.7					73			87.8	13.4	16.7	121.7	124.8	139.2					107.3						
				139.9		105.5	111.1				54.4	155.2	163.5		115.9	108.1	86	73.2	71	73.1	54.7	66.4	48.2	69.2	111.4	90.2	83.9	100.7	29.1	115.5	32.7	62.4	147.5	48.8	67.8	170.8			65.6			147.9	95.7	95.2	77.6	127	88	40.2	103.4	88.5		141.4				32.1	37.4	53.3		73.7	158.2			49.1	75.7	66.4	59							42.1				41.8	78		61.1			135.3									185.1	34.7							104.5			110		25.2		194.1	74.6		107.9		208.8						112.8	81.6						25.9					90.6			87.3	17.1	21.8	82.5	113.8	94.2				33	79.1	151.8					
				168.2		70.2	44.4				105.5	102.7	99.5	71.9	111.8	87.3	60.4	70.2	84.7	97	129.2	102.3	126.3	64.9	96.8	63.1	54.6	61.9	45.6	78.8	23.5	91	179.9	108	59.7	150.7			50.6			52.7	81		64.5	97.8	63.5	60.9	62.2	94.4						62.3	53.4	72.5		65.2	60.5			70.9	67.3	298.4	110.9				24.3					90.5					73.1			94						142			148.4	42.9				19			62.8			176.9				131.9	49.6				71.2	51.1					63.5				50.5			187.2					129			95.7	22.6	10.9	105.1	85.8	42					86.3	120.7					
				108.4		84.8	76.5				113	107.1	66.2	65.7	113.3	90.4	69.8	99.6	70.9	90.8	127	116.3	124.9	107.6	133	144.1	92.9	67.9	38.6	70.8		34.4		75.8	52	66.5			111.5			136.4	72.7		74.3	95.3	85.7	31.6		113.5		251.7				23.4	29.1			28.5	39.5			163.2	129.2	48.2	36.5				41.3					147.1		109.4	73.9		56.8								97.7				29.6	48.4							64.3			90.9	73.3	53.5		104.2	284.4		124.6		160.7						75.1		105		82.4			59.9	168.5				98.7			92	14.6	70.5	151.1	116.1	73					40.2	147.5			79.7		73.2
				118.2		94.5	80.3				33.6	80	84		81.9	119.7	112.3	45.3	186.9	112.2	140.3	123.7	116.9	99.6	139.3	41.2	108.1	102.5	18.7	97.5		129.9		154	68.6	53.9			91.3			68.2	79.4	51.2	93.8	75.9	77.2	92.7	103.1	63.8						85.1	62.2	75.7		75.1	75.6			60.2	50.8	432	175									63.7		34			101			102.7		99.4				74.8				57.6							85.4			92.5	81.6			41.1					58.1						102.2				59.8			155.5				310.1				64.8	10.5	4.5	103.1	98.1	37.2					93	90.9					
				170.5		143.6	110.3			90.9		191.1	167	102.9	102.2	115.4	134.7	215.7	61.1	93	58.2	79.4	53.2	121.9	192.1	127.7	130.6	102.2	89.9	123.3	79.7	194.5		56.6	71.8	131.9			133			207.2	145		94.7		109.3	171.8	263.7	66						84.7	44.2	56.2		118.1	121.3			63.5	113.5	43.5	59.4				63.8							50.8	157.9		85.1			104.9		122.3				159.1			107.9	65.1				22			146.7			57.1				110.1					159.6	72.6					161.6	96.6						41.1					60.1			102.4	10.2	13.7	34.8	175.7	256					137.8				183.8		162.2
				112.6		131	79.6				185.1	30.3	46	128.2	89.5	100.9	80	50.7	162	108.3	100.7	120.3	91.9	87.8	109.6	74.3	175.9	82.2	191.5	106.1	103.9	202.3		132.5	63	55.3			95.8			51	75.5	63.3	113.6	68.4	71.6	267.3	174.4	35.2						79.3	72.5	111.2		68.5				66	39.6	68.9	89.4				13.3							283.6			108.1			132.2									151.1	67.7										76.3				105.2					51.3			93.1			74.3	89						37					49			68.9	13.7	39.6	103.9	73.9	56.4					148.5						
				118.4		183.4					473.4	146.4	99.7		101.1	90.1	95.9	181.3	60	87.4	130.3	129.2	158	102.1	135.5	164.5	140.4	126.3	58.9	122.3		175.1	73.7	106.5	101	121.2			113.8			201	119.2		152.8	233.1	209	97	128.4	198.2						101.7	54.6	42.4		64.3	114.3			122.6	166.4	36.5	34.9									86.2		59.5	65.8		161.7			130.4		262.2			138.4					138.5		320.4	93.9	124.6	154		76.4			62.8	90.6			82.3	34.2				175.8	112					147.2		97.2					21.2					28.8			65.1	52.9	19.1	61.4	179.8	183.9					96.6						
				108		134	131.6				83.3	111.6	83.1		101.9	94.5	53.9	154.3	48.6	84.6	124.7	117.4	141.9	97.1	125.9	105.7	233.9	148.4	18	147.4		196.9		86.9	128.6	137.4			61.1			183.4	42.9	120.6	119.1	79.1	210.8	79.8	62.8	119.6						48.5	63.7	56.9		56.2	124.2			61.4	64.6	368.5	98.6									77.3		38.1			145.9			76.6		159.9				136.4				70.3				251.5			129.4			129	350.5			115.1					138.6						276.9				100			40.5				296.7				108.7	143.7	134	116.6	121.3	99.1					54.4	133.3					
				60.4		85					101.2	109.5	60.9		106.7	91.8	49.4	118.5	151.1	95.6	126.4	106.3	97.9	50.5	108.5	70.1	88.6	87	101.5	95.6	113.2	80.2		103.8	74.5	112.8			34.7			89.9	55.9	69.8	64.3	131	83.6	24.3	48.3	112.5						32.4	54.2			17.1	74.2			111	91.6	68.9	253.5				254.5							149.4	72.4		63.9			49.8						115.6				46.7				41.6			58.8			59.9				107					95.8	307.3				116.2	103.6	71			118.8			59.2					61.3			56.9	7.6	19.8	77.1	79	38.3					52.5	120					49.8
				74.1		67.9	79.9			53.6	76.8	63.3	76.5		115.9	132.4	99.9	67.5	97.7	65.9	61.9	95.5	80.5	49.5	83	93.5	100.4	54.3	63.6	50.3		175.1			63.5	175.1			90.8			71.8			45.9	237.1	76.9	35.9	137.7	77.9						38.3	29.2	63.6		44.4	134.8			68.6	98	64.4	54											16						166.5		140.7								39.6							68.5			128.8				75.5					80.9						82	237.7			98.2			12.1					23.8			70.4	8.5	41.4	83.4	79.9	52.5					62.2						
				103.7		97	58.3				70.3	80.1	91.4	109.9	108.7	94.1	114.6	42.5	139.1	78.1	95.7	81.7	72.2	94.9	66.7	74.3	41.8	86.1	117.4	80.1	35.4	213.4	199.9	87.2	68.6	113.6			120.3			37.6	88.5		89.9	183.1	136.5	155.2	137.3	62.8						104.1	61.4	60.1		118.2	74.1			74.1	86.3	145.1	200.7				28.7					65.4					61.9			121.8						87.2			144.5	58.8				47.1			41.9			132.4				150.7	115.9				50.8	19.4					51.3				91.4			158.9					105.8			94.5	4.8	6.5	77	50.3	51.6					130.7	90.5					
				130.2		158.8	171.8				50.8	114.9	129.6	125.6	99.1	103.8	123.5	62.2	117.7	89.5	98.5	126.6	86.2	95.8	58.6	64.1	158.4	102.4	158.8	58.8	42.7	292.8		130.8	76.1	113.7			99.6			77.5	102.2	63.3	112.1	135.1	117.5	191.4	109.7	57						69.2	49.6	73.8		131.4				60.8	44.7	32.8	67.6				11.4							119.2			121.9			161.4									152.4	98.9										99.6				24.7					83.8			119.3			84.6	119.7						22.7					79.1			209.7	9.3	12.9	84.8	132.9	100.6					148.8						
	39.1			179.8		138.8	87				156	96.7	119.6		108	111.8	104.8	31.3	52.8	70	65.1	98.3	82.1	110.2	50.8	91.7	79	112.3	10.9	100.6	75.1	284		58.4	90.7	94.4			114.9			72.8	121.8	75.4	101	185.1	119.3	121.5	249.2	63						81.8	51.9	48.6		111.4	99.3			48.4	62.1	115.9	168.9				55							48.7			122.8	273.7		149.6		63.5				99.5				58.6							153.9			48.7				150.4					90.1			185.4			129	82.7						76.1					83.7			79.6	20.9	8.8	92.6	220.5	175.9					139.3						65.1
				115.5		128.8	59.4				65	137.8	103	75.6	101	107.4	95.1	61.4	99.3	103	78.9	83.9	50.6	102.2	119.1	112	101.5	129.5	120.3	79.4	193.3	100.6	212.1	86.4	93.8	125.5			138.5			140.2	80.1		89.4	174.7	135.5	78.9	89.4	100.8						51.5	37.7	62.4		50.3	133.6			87.7	107.4	84.2	116.1				458.2					124					87.9			91.6						143.9			95.1	55.6				4.3			110.3			96.6				102.2	308.8				154.1	48.5					129.5				153.7			118					117.2			77.6	34	10.8	130.1	103.7	228.9					78.1	128.3					
				116.6		104	93.5				37.3	75.3	86.6		117.1	115	183.3		64.4	72.7	73.7	103.3	67.3	51.4	51.1	77.4	127.7	90.5	97.2	74.8	55.5	55.8		103.1	74	87.2			98.1			48.6	83.7		89.3	148.9	68.3	81.1	77.6	59.2						88.1	94.1	77.2		64.6	55.1			23.9	33.3	72.3	129.3											49.9						125.1										90.8							78.7			65.4				111.8					66.3			200.7			80.3				57.7			45.5								81	12.2	20.8	92.1	130.7	72.8					54.3		106.2				
				149.8		71.2	66				90.8		114.3	69.2	104.5	130.3	63	150.8	61.9	93.2	108.8	126.7	54.2	95.5	46.1	101.5	40.7	149.2	116.3	110.7	226.6	147.8		48.6	101	197.6			92.7			141.5	82.1	69	97.2	186.2	129.4	142.6	139.3	68.3						64.4	48.1	52		90.9	140.5			137.9	143.8	52.6	55.4									85.8		162			168.3			93.2		147							138.2	70							176.1			62				123.9					155.8						91.2	84.4			60.1			1146.1	113.4				184.5			102.3	15.1	25.1	73	131.1	125.9					78.9				87		
				25.6		63.4					48	85.1	65.6		76.4	71.5	100.8	67.8	73.8	44.3	46.9	55.1	56.9	88.2	129.5	181.4	118.7	65.3	136.8	126.1		7.9	89	114.3	97.2	50.3			49.2			165	51.8		81.2	140	151.8	12.9	57.6	151.8						65.5	190.1	84.4		39.4	55.9			123.2	127.4	565.8	108.7									13.5		153.2	95.1		138.5			68.7		114.3			118.1					102.1				7.9	25.4		138.2			84	118.4			61.6	436.4				142.2	453.8					116.7		95.9					59					183.3			45.7	2077.4	1597	135.2	58.9	54.2					20.7						
				36.3		193.5	136.2				132.4		188.7	259.7	101	118.4	110.3	96.8	38.6	81.8	76.5	110.4	97.4	251.6	190.3	141	126.7	194.6	55.3	276.8	122.9	43.7		66.1	152.2	161.5			180.2			390.2	291.2	120.9	136.8	223.2	174.3	47.4	43.7	128.7						77.9	103.7	99.7		101.3	121.6			307.1	698.8	52.4	47.7									187.7		330.2			302.8			101.2		203.6							69.6	125.2							124			103.7				156					317.6						300	52.1			190			38.6	105				106.1			149.1	10.5	15.3	90.8	354.1	526.8					70.2				116.4		
				99		66.9					14.8	54.9	93.3		106.4	110.7	64.3		62.6	121	142	109.7	148.5	298.8	109.8	84.4	84.8	110.2	71.8	95.9	59.2	91.7		89	132.3	143.9			70			78.6	58.9	48.6	106.8	124.3	73.5	73.2		97.4				173.3		123.9	85	68.4		212.8	103.3			124.7	179.2	59.8	72.3				31.4					91.9					113.6			188.8		95.4				88.6				104.1				60.1			109.3			93				93.3					103.3						117.1							111					161.4			100.9	20.6	44.5	105.1	108.2	70.2					227.6						
	54.1			76.3		126.1	61.2				97.8	51.1	83.1		75	78.8	44	90.1	119.4	163.7	123.4	64.7	94.3	140.8	34.5	175.9	134.5	152.8	61.1	105.1	94.1	48.2		101.2	111.9	80.8			103.1			95.6	141.4	80.7	132.6		72	133	185.3	275.8						145.3	170.8	111.2		121.9	172.4			224.4	179.3	155.1	57.9				47.5							173.2			134.5	122.5		63.2		43.1				81.2				177.1				10.6			101.7			287.2				99.4					92			148.6			105.5	118						513.5					196.7			118.5	1332.4	589.9	175.8	55.9	73.8					121.9						100.1
	156			156.3		148	142.5				71.2	75.5	134.9	123.1	106.3	100.9	97	74.9	55.8	97.1	77.1	105.9	72.6	227.8	113.8	95.3	169.1	116.6	108.3	102.8	137.7	91.1		61.7	99.7	120.1			179.1			105.4	136.4	74.1	127		66.5	178.5	64.1	122.8						119.7	92.4	107.1		161.9	117.1			149.5	160	88.7	85.4				55.8							89.4			219.3			104.1		201.3							170.2	153.1				7.4			118.2	231.9		82.8				155.4	216.6				117.7			208.4			141.3	120.6						83.7					78.6			242.2	22.9	25.9	63.6	116.8	83.3					192.7	80.5			150.2		
				96.1		72.4					79.3	68.5	89.1		102.6	96.6	77.9	66.1	66.7	247.7	146.3	120.7	259.5	117.2	83.2	97.3	138.1	205	95.9	89	155.6	86.4		145.1	284.6	56.1			164.6			40.9	39	62.4	105.3	102.3	95.4	25.1	32.8	69.1						62.5	116.1			52.3	74.8			202.7	65.3	84.4	172.2				390.3							182.5	151.6		149.9			52.5						60.1				67.2				57			175.8			165.3				59.8					59.8	27.1				38.2	116.3	78.9			98.4			172.4					184			178.6	5.6	4.5	104.3	66.7	108.8					64.3	80.7					62.8
				75.9		65.6	86.9				127.1	81.4	77.1	38.1	127.9	101	65.4	92.9	62.3	85.1	58	97.9	81.6	66.3	85.5	81.8	128.2	72.4	70.5	64.2	54.7	43.4	113.7	43.4	52.3	87.5			93.4			80.5	50.5	98.1	58.3	147.4	109.7	31.8	74.6	76						58.2		66.9		61.9	137.6			89	57.8	50.8	47.5				28.7					188.1		76.1						108.2			57		78.9	76.7				91.1							60.1		117.6	55.8				96.9			84.5		147.9					110.5	102.1	121.6			124.4			41					85.4			82.7	10.9	19	140.5	53.8	76.5					98.5						105.8
	104.5			231.6		267.5	114.2				62.9	86	133.2	159.5	90.7	81.9	102.2	122.9	42.3	139.3	90.8	64.7	186.5	180.5	126.9	163.2	162.2	175.9	54.8	167.5	139.1	158.1		60.5	380.3	121.1			99			137.4	288.8	122.4	366.9	279.4	227.3	378.8	315.7	252.3						287.3	125.9	86.7		390	147			156.8	176.2	156.3	249.7				60.8							156.1			303.4			121.3		113.2							152.1	192				203.5			50.1	367.3		134.8				135.4	103				119.6			232.8			117.3	109.7						78.2					140.7			114.2	20.7	24.7	74.3	156.9	220.1					229.4	88.8			93.1		
				27.8		84.8							144.4		100.3	102.4	143	52.4	71.3	147.3	150.3	175.8	95	252.9	122.3	126.1	129.8	112	20.1	16.3		17.1		85.6	138.8	113.9			261.5			270	118	208	76.5		87			83.6						70.8	139.9	92.2		67.6	140.7			108.4	105.1	50.7	33.1									335.9		199.6			238.8													99.2		3960.4	34.8	687.5	2949.2					39.5				103.9					212.2						177.8	236.4						102.2					137.1			70.8	15.2	21	90.6	41.6	194.8					42						
				54.4		61.7	34.4			100.3	69.8	194.6	143.1		119.9	87.1	172	117	37.5	72.7	112.6	192	233.5	59.6	29	81.4	88.5	78.7	59.9	132.8		32			139.8	213			115.1			108.6			87.1	345	119.6	118.9	180	118.7						93.1	62.7	73.6		94.8	176.2			116.1	75.8	32	28.8											40.8						194.2		95.5								68.9							160			46.5				76.3					122.6						78.8	250.7			118.6			14.7					36.3			44	154.4	37.6	122	76	92.3					64.5						
				91.6		113	114.6				97.8	107.3	114	118.6	109	93.2	124.4	56.7	45.2	91.8	74.3	112.9	103.8	89.3	50.6	113	321	137.9	17.2	159.8	108.7	46		74.4	87.8	90.3			145.6			56.6	250.3	128.1	471.7	112	198.1	833.9	348.4	148.9						420.7	233.3	90.3		396.1				92.7	76.1	69.5	102.8				37.5							39.3			104.5			207.7									102.1	135.1										147.4				73.7					74			138.9			97.8	80.9						43.6					86.8			86.7	34.9	30.2	134	195.6	135.5					129.5						
				85		79.7	95.6				70.7	55.9	66.6	105.5	114.6	123.3	102.1	54.4	47.2	100.7	152.5	135.2	120.4	89.6	53.3	61.2	165.8	101.6	30.8	121.7	57.8	102.3		139.3	104	43.8			96.5			34.1	66.1	48	140.6	102	161.2	221.8	72	43.8						116.4	103.1	79.5		70.2				52	36.1	58.7	78.9				53							38.3			81.2			196									85.7	137.6										127.2				69.5					45.5			223.7			85.2	79						70.7					79.2			53	40.6	63.5	127.5	92.4	84.3					91.5						
				54.8		59.3	84.1				72.7	60.5	63.1	54.6	128.1	118.8	74.4	538.2	46.9	109.7	90	100.6	114.2	95.5	23.5	164.6	127.3	98.3	42	98.3	39.3	48.7	155.6	52.1	12	177.8			50.2			131.5	51.2		55.6	70.9	102.4	26.3	33.3	83.3						84.7	84.7	111.8		43.4	75.1			108.5	85.6	31.2	35.8				38.5					149.1					118.1			73.1						129.8			100.6	78.7							49.6			107				137	71.9				183.4	99.4					113.1				241.8			16.1					147.7			88.6	41.4	15.7	159.8	110.4	88.3					103.6	54.5					
				67.6		44.2	37.3				36.7	74.6	112.9		93.9	93.6	41	65.7	177.9	68.8	152.5	138.7	144.5	58.4	150	84.6	46.4	77.3	309.1	78.2		32.9		168	64.4	146			56			62	47.4	52	53.9	79.9	64.7	87.3	35.7	56.2						91.8	153.1	211.3		69.1	64.6			129	94.7		24									30.3		85.2			131.6			69.6		47.7				83				75.3							80			49.9	133			41.3					79.6						42.1				55			19.9				80				41.2	46.7	13.5	131.5	53.2	82.6					92.9	84.4					
				77.8		88.8	79.6				38.3	44.6	70.1		95.7	74.4	120.4	77.8	151.5	106.1	166	114.3	171.9	165.4	80.5	68.5	75.9	148.4	35.5	87.7	47.4	131.6	157.3	80.4	157.8	47.2			84.4			48	137.3	95.3	112.9	186.2	118.2	97.1	65.7	60.5		89.8				96.9	58	111.8		134.2	78.9			142.9	179	39.5	37.8											111.1	78.9		86			165.3									91.8	83.8							98.2			99.2		9.2		118.9	53.5		57.2		51.7						103.3	87.5						43.5					90.1			136.1	8.4	3.2	100.4	67.9	75.5				80.4	168	103.7					
				51.4		90.7	101.4				52.5	150.6	111.5	133	105.7	75.4	126.4	29.8	120.3	87.4	48.4	94.5	71.3	190.5	90.4	162.9	163.3	147.8	193.8	120.3	82.9	18.5	74	108.9	196.1	102.2			164.3			146.4	171.4		118.9		49.1	93.4	131.8	117.9						182.6	189	173.9		133.8	197.3			114.7	79.3	62.7	97.2				25.1					121.1					131.1			120.5						149.8			79.3	83.7				10.4			118.7			68.3				142.1	209.8				161.2	228.6					69.8				199.7			179.1					128.2			131	10.5	6.1	78.9	70.6	165.9					58.1	90.3					
				155.3		107.7					98.9	67.2	76.3		87.9	95.7	85.3	63.9	128.7	69.6	115.2	118.4	186.8	68.6	83.7	79.2	89.2	78.2	391	94		120.6	84.5	39.1	148	70.6			97.6			45.5	118.2		57.6	29	83.7	88.7	115	64.4						69	52	57.6		83.6	57.3			60	60.8	40.9	43.8									56.8		60.7	48.6		74.3			60.5		99.2			41.4					47.3		1313.1	1045	790.3	670.9		115.6			45	32.7			32.2	177.2				65.2	168.3					51.1		64.1					205.4					77.2			72.1	4.1	0.5	98.4	68.7	80.6					97.5						
	49.3			72		48.4	49.8				32.3	84.2	87.4		92.1	75.7	90.6	49.1	176.1	61.7	71.7	80.4	51.5	81.1	146.6	107.7	109.6	66.4	444.9	124.7	71.4	21.1		122.7	54.7	115.9			111.8			104.9	69	67.5	82.9	87.3	85.6	61.8	38	71						54.2	169.6	234.5		55.7	91.9			115.5	43.6	58.3	36.7				33.4							284.7			152.1	326.4		93.8		90.1				101.2				94.8				3.9			127.4			49.8				113.5					109.5			35.7			77.5	71.7						52					88.3			53	58.2	77.2	75.3	102.7	79.1					87.9						140.3
				35.5		81.4	573.9			160.2		242.4	113.3	105.6	89	64.8	171.5	133.2	84.2	74.1	81.4	117.9	67.7	209.2	91.5	148.4	74.6	120.5	112.3	300.6	108.8	53.3		72.4	149.6	69.7			85.3			169.4	134.4		109.6	60.6	126.8	72.4	96	167.9						103.2	136.8	122		146.1	144.6			182.5	136.5	53.8	37.6				65.9							242.6	452.6		327			65.3		88.1				128.6			55.4	88.3				50.4			256.3			74.2				147.7					140.6	73.1					150.8	131.2						278.2					226.2			1534.8	279	56.1	59.8	87.8	230.6					87				1054.3		122.4
	24.6			65.2		261.7	449.7				391.6	135.4	78.5	311.9	77.7	77.8	81	247.2	122.5	62.1	70.2	67	73.7	155.9	185.9	140	247.4	137.4	161	279.3	111.9	92.1		223.3	110.3	67.6			116.3			338.2	103.3	154.5	222.8	102	129.4	75.3	73.1	209.9						139.1	163.7	162.8		102.4	124.9			249	271.4	163.4	169.6				44.7							388.2			351			75.8		161							131.8	169.8				12.1			56.6	263.1		86.3				123.9	82.1				170.8			164			237.6	91.5						145.8					82.1			1715.3	26.1	42.2	71.6	153.6	173.3					111	97.3			851.4		
				111.7		64.8	121.6			70.7		41.3	70.4	45.7	87	89.7	61.3	30.8	204.3	102.1	174.8	98.7	202.6	54.7	65.7	52.2	52.7	49.1	23.6	26.5	93.8	82.2		94.1	115.8	66.4			97			26.1	35.7		80.3	69.1	57.1	124.8	84	38.6						56.4	69.8	113.4		84.6	116.1			104	45.1	83.5	130.5				118.4							125.2	104.9		60.9			102.4		52.4				58.8			127.7	45				16.2			42.4			55.8				73.1					40.2	11.8					40.5	112.3						110.1					50.2			87.4	14.6	39.7	137.7	30.4	36.2					101.3				165.5		51.8
				67.1		139.9	107.7			133.4		97.8	46.9	78.4	119.7	83.8	145.4	98.1	71.8	60.7	76.6	96.7	148.4	105.6	63.6	84.3	130.9	112.8	4.9	122.2	210.2	47.9		70.4	80.5	91.9			107.8			127.2	299		134	150.9	121.8	608	1065.9	168.5						229.2	103.7	84.3		227.7	142.8			121.6	123.1	117.8	108.3				352.9							91.7	83.7		141.8			111.3		109.9				144.9			47	90.9				306.5			86.1			54				127.3					118.5	330.9					176	107.4						68.2					97.7			116.9	22.4	6.2	77.2	256.4	126					106.1				117.3		135.6
	94.1			42.5		53.8	31				104.9	55.4	76.9		90.7	60.3	47.6	110.5	28.1	59.1	118.5	97.1	129.7	93.1	212.2	137.3	48.4	79.6	18.6	76.8	210.4	16.9		58	143.2	76.2			70.7			51.1	204.7	61.1	94.7	266.9	104.9	109.1	188.6	152.8						134.9	120.6	61.8		109.3	54.2			106.6	138.7	35.2	25.1				380.4							39.8			101.3	65.5		85		40				52.1				88.4				6.8			176.9			188.9				100.2					60.2			112.6			68.4	61.8						52.6					74.7			59.2	1407.5	1602.9	138.9	35.1	106.7					70.4						74.6
	296.6			105.6		144.4	96.1				160.4	94.3	130.6	108.8	114.2	102	145.3	62.7	78.3	69.6	70.4	92.9	117.5	155.9	66.7	115	80.3	131	114.5	110.1	73.7	83.8		50.2	76.6	222.5			128.9			104.6	231.8	127.1	89.6	185.4	108.3	148.3	192.9	109						91.6	80.5	79.3		154.3	141			156	181.2	56.7	73.4				51.8							83.1			104.3			131.3		92.5							100.5	95.8				38.5			82.1	159.1		79.7				172.3	436.4				140.7			206.3			73.8	170						48.9					115.3			130	6.1	6.3	88.1	124.6	130.4					188	152.8			103.9		
				158.9		139.9	141.7			134.3	406.9	140.6	127.7	69.4	92.2	84.6	69.3	87.1	124.8	75.8	93.7	107.1	48	96.2	188.4	105.9	117	79	217.8	155.5		165.7		113.9	65.6	96.9			88.4			141.6	106.9	155.5	88.6		155.8	54.8	101.9	111.7						75.5	101.4	106.7		93.3	64.4			107.7	63	77.1	59.2											108.2						103.2		134.7			110.6					134.2				51.8			13.6			30.5				121.8					134.5	107.2					57.6	125.2			68.5			121					102.9			55	18.7	25.4	64.1	171.8	112.8					125.4						128.3
				83.6		112.5	44.8			76.7	29.6	247.2	152.7	47.8	126.2	111.8	118.4	89.2	25.9	72.1	53.3	80.7	111.1	79.6	126	110.6	115.9	101.7	49.6	194.5		111.2		25.9	178.1	169.5			120.8			247.6	171.3	108.5	95.6		135.8	96.7	96.7	130.3						127.9	116.4	85.6		117.8	145.9			90.8	121.4	202.2	314.8											79.6						170.4		181.9			271.7					141.6				80.4			89			69.3				142.2					240.9	306.1					101.5	95			95.4			49.1					85.5			57.8	9.6	6.5	81	248.5	330.2					91.9						115.5
				126.1		102.3	166.8				45.6	74.1	117.5		97.7	131.7	128		110.5	117	174.4	136.2	244.5	59.4	100.4	60.7	75.6	81.7	62.8	102.6	65.8	91.6		129.7	97.7	118.7			102.3			63.9	54.7		75.5		54.9	74.9	36.9	41.4						54.2	88.6	136.5		75.9	85.6			74.4	62.8	110.3	116.9											33.4						108.7										86.7							85.5			59.4				60.6					81			382.1			78.1				51.5			36.4								75	7.7	9.3	92	130.6	103.6					73.5		69.4				
				81.7		93.6	158.2				118.7	65.9	78.3	128.1	102.2	111	79.5	59.2	93.8	119.5	132.8	90.5	109.2	135.3	94.4	99.3	169.6	137.1	197.6	113.9	302.5	70		145.4	186.7	56.3			148.2			58.8	126.1	79.3	106.7	55.3	95.2	88.1	32.7	93.8						105.2	228.4	212.2		66.6				143.2	59.7	166.1	220.1				743.9							131.1			104.6			124.7									55.9	96.1										119.7				81.7					58			128.1			108.9	90.1						124					123			119.1	16.4	28.2	120.6	48.8	73.5					55.3						
				125.4		154.8					132.9	277.3	128.7		97.9	83.2	163.2	553.1	54.1	140.5	96.8	100.2	178.9	107.2	186.1	166.1	116.3	131.4	68.7	208.3	99.7	141.3		87.2	212.8	137.1			130.8			204.1	213.9	63.1	104	176.1	146.8	60.7	175.7	185.7						113.5	138.4			234.7	147.2			97.6	172.4	786.9	2851.3				63.5							107.4	226.5		138.8			117.4						237.3				107.6				6.1			130.6			73.3				164.2					214.9	135.7				304.7	140.7	131.9			197.5			61.2					158.3			92.8	28.3	7.9	84.3	233.2	274					121	115.2					125.6
				89.2		120.3	78.6			134.8	46.6	131.4	144		84.9	65.2	79.1	85.6	60.3	137.5	89.8	98.5	157	81.5	171.3	104.2	126.8	101.4	94.7	136.4	185.1	80.2	78	130.8	140.6	133.6			87.2			174.6	133.5		91.1	126	156.5	46.7	59.1	196.4		140.2				136.5	366	136.5		118.6	95			197.7	63.6	215.6	243				299.3					92.5		155.5			132.1			63.8									82.6	125				19.1	20.5		176.7			118.9				98.3			98.9		165.1	83.4					87.2	79.1			110.3			63.3								68.9	751.4	580.3	126.7	167.4	121.7					71.6						100.1
				159.2		144.1	193.8			61.1	88.7	31.9	42.3		104.5	76.1	54.3	109	49.1	155.8	187.5	118.6	340.4	84.1	81	111.4	135.5	124.2	61.6	53	43.5	79	264.1	57.4	137.9	94.8			70.1			56.8	164.3		125.7	134	119.4	185.9	324.7	109.3		86.4				203.3	160.2	66.3		142.7	40.2			106.7	83.2	41.4	36									58.4		59.3			72.8			74.5									178.3	142.6				215	252.2		181.9			157.1				161.8			86.5		72.2	151.5					58.3	115.4			24.6			66.9								75.8	138.1	50.3	140.7	69.9	80.1					153.4						89
				156.5		132.9	62.7			94.2	25.2	114.9	100.4		99.3	98.2	132.4	27.5	67.7	154.1	262.9	148.2	327.2	44.3	57.9	57.2	72.8	105.5	26	70.6		35.3			149.7	98.3			91.8			65.4			105.6	239.6	118.3	154.2	201.8	61						138.2	146	68.3		248	83.8			135.5	42	23.8	36.8											106.1						129.4		56.6								63.8							69.7			26.5				55.6					92.6						85.9	163.4			125.6			38.6					101.5			50.7	7.4	2.4	92.8	98.6	74.6					203.3						
				46.9		125	94.9			95.8	162.5	134.4	152.5		97.7	84.2	121.1	102.9	72.9	56.2	145.1	203.4	121.9	101.7	186.5	122.9	94.9	94.8	112.7	169.5	71.6	45.7	82.3	103	74.2	101			154.1			156.7	124.6		70.1	70.8	89.2	46.7	36.7	169.8		129.7				42.1	101.1	130.6		72.5	100.1			247.7	273.8	160.4	93.5				35.2					49.5		109.2			61.5			95.8									88.6	60.1				18.1	41.7		92.5			77.1				111.9			80.7		155.8	226.9					107.7	92.8			115.5			100.2								71.4	179.7	117.1	118.6	119.1	256.4					40.9						101.1
				53.3		87.3					32.7	79.9	110.3		101.4	115.8	132.7		53.9	145.6	106	98.1	198.4	231.3	164.6	158.4	161.3	114.9	30.1	115.3	44.3	35.6		152.7	102.3	212.6			152.6			77	66.6	66.1	96.6	155.2	79.9	89.2		104.2				127.5		106	151.7	158.2		81.4	115			117.1	54.6	43.7	50.4				33					43.4					122			60.9		113.3				115.5				93							82.4			122.6				131.7					86.5						121.6							405.4					171.1			169.5	130.4	43.5	120	81.8	112.1					85						
				60.2		102.3	167			62.3	299.3	68.7	63.9		87.9	83	48.8	43.3	140.3	103.9	163.7	159	101.2	148.6	156.3	105.5	102.2	86.9	40	118.1	116.1	85.8	33.9	76.4	105.4	50.8			85.8			104.5	80.4		144	112	155.2	87.7	65.8	130.6		73.6				148	196.1	174.4		134.7	80.3			129.3	120.6	46.9	53.1				23.2					202.9		133.2			90.8			55									75.4	133.3				18.9	50.8		47.1			55.7				111			107.2		90.2	56.6					116	94.2			66			32.6								56.4	122.1	42.4	131.7	106.7	164					85.1						75.9
				158.4		155.3					77.5	182.9	125.2		94.2	95.9	113.5	130.8	84.5	58.4	122.9	153.4	82.2	54.1	226.5	80.1	116.5	83.2	110.7	112.5	83.3	91.7		95.2	46.7	150.9			142.4			132	185.6	55	79.9	149.7	112.3	59.1	74.6	130.5						66.8	76.3			81.9	95			83.7	115.2	42.4	139.6								997.8			97.1	151		86			65.4						131.3				47.6							63.6			54.7				108.5					140.5	185				143.9	114.2	78.3			135.6			17.5					54.5			54	12.7	32.1	85.6	197.9	112.6					100.1	94.8					93.5
				105.4		100.9	107.9				43.8	42.7	78.9	87.5	96.7	119.7	68.2	59.8	169.6	90.1	105.6	94.1	337.5	124.1	53.3	94.1	52	133.2	8	66.4	166.7	23.6		57.9	169.4	36.8			120.1			34.8	41.3	74.9	65.2	34.3	48.1	78.5	23.6	34.2						74.9	58.7	67.7		52.7				65.9	111.7	156	201.4				417.3							11.6			54.6			137.7									77.5	61.3										99.7				94.5					43.9			165.2			61.9	57.3						78.9					115.7			96.3	17.5	11	81.8	80.6	81.1					62.5						
				42.1		89.5					47.9	114	96.9		113.2	98	99.2		125	59.5	56.8	86.9	127.2	76	52.4	108.9	112.5	78.8	173.5	128.9	125	54.9		105.4	123.1	111			123.2			132	68.9	94.1	72	111.5	89.5	102.7		101.9				56		74.4	112.3	113.9		85.8	124.2			133.8	87.5	71.9	65.8				52.3					171.4					128.9			128.2		148.6				209.8				93				30.3			108.6			46.9				140.8					154.9						167.6							70.2					59.3			47.8	17.7	6.7	73	162.1	198.4					57.8						
				38.4		78.5	69.6				53	133.1	158.9		114.6	85.9	142.4		127.9	43.6	85.3	90.5	143.7	67.3	108	75.4	86.6	96.2	180.2	167.3	272.5	32.3		93.4	67.5	167.9			105.3			212.5	103.1		77.9	98.8	73.3	40.4	32.1	69						86.7	93.1	135.9		59.2	72.6			83.8	190.6	66.6	61											141.2						146.7										92.5							108.4			49.7				87.3					163.2			111.3			125.4				82.4			25.5								50.3	8.3	11.6	69.5	200.2	178.5					32.5		92.4				
				102.6		82.5	92.2				67.3		91.9	64.7	88.7	97.2	122.9	17.2	116.8	90.6	103.2	94.8	114	144.9	95.4	76.8	76.3	94.9	72.1	41.3	264.6	67.7		141.9	112.1	88.2			123.3			52.6	121.3	50.6	129.4	118.2	112.9	152.5	136.8	73.1						230.9	144.5	144.4		216.4	108.4			73.5	80.2	38.4	52.1									77.2		51.6			67.6			106.7		81.5							247.9	106.8							75.4			99.2				80.6					56.9						48.2	49.7			54.6			438.2	124.8				92.2			55.4	98.4	193.2	131.1	45	62.4					142.5				83.3		
				47.1		90.6					45.9	86.1	86.9		109.7	111.6	111.1	58.3	69.2	87.2	99.5	102.3	139.1	61.8	43.4	117.8	70.6	93.3	47.9	94	55.3	27.2		116.5	254.1	108.6			147.8			64.8	21.8	56.7	89.5	145.9	111.7	37.1		71.1						42.2	96.6			59.9	86.5			109.7	94.9	132.6	192.7				36.9							72.6	114.7		104.7			64.2						66.3				68.6				9.7			245.6			87.7				129.7					71.1	72				125.1	67.8	118.6			161.8			121.9					111.8			68.8	340.9	98	131	90.4	105.9					40.9	110.4					66.3
				172.5		113.7	67			140.1	15.4	97.6	94.4	113.1	101	81.5	106.9	27.4	76.6	132.4	149.6	112.8	226.3	38.6	147.9	89.1	67.2	115.6	96.7	78.9		119.9		41.9	106.7	95.4			83.3			59.8	154.4	96.9	111.9		70.4	239.1	162.9	110.3						89.9	64.9	76.7		146	61.7			78	68.7	51	51.9											42.7						81.1		103			75.5					77.4				46			80.5			71				115.6					65.3	116					94.3	88.2			96.6			118.2					116.1			53.3	20.9	6.9	133.2	84.8	77.1					98.2						115.3
				170.7		82.7	112				20.5	89.7	94.9	125.2	99.4	99.6	86.9	40.1	92.5	188.4	108.1	74.8	277.1	46	76.3	93.5	140.2	114.3	14	97.6	95.3	45.3	223.8	54.5	133.2	88			173			39.9	71.4	84.7	141	257.4	137.7	136.3	169	72.8		110.1		93.3		210.5	102.4	88.1		109.9	77.8			65.9	44		63											60.8			343.1			93.4		106.2			58	75.4				98.9		96.7		9.8			35.8			116.2				58			98.3		57	26.9				32.3	77.4	97.7						158.6								103.8	20	6.8	111.3	67.6	51.7				143.9	90.7		99.8				
	190.8			89.8		70.2	36.6				26.1	43.2	50.4	64.5	92.3	109.9	87.8	18.9	158.1	130.7	124.5	171.3	175.9	69.6	55.5	62.4	79	112.5	235.1	44.2	207.8	36.9		100.6	208.1	44.7			91.7			27.9	47	53.8	115.5	31.3	59.5	79.9	53.3	24.2						165.8	124.4	124.4		175.8	54.5			82	55.2	44.9	32				360.7							78.8			103.3			121.6		64.2							79.1	87.6				9.7			144.6	80.4		43				80.1	54.3				30.3			226.2			74.5	82.5						92.2					96.2			49.3	4.8	6.4	90.5	34.7	89.2					138.1	109.9			65.8		
				74.6		199.6	220.5			101.1	86.3	159.6	73.5	118.7	66.3	71.2	95.8	68	55.4	91.8	49.7	71	67.2	285.8	212.3	309.2	174.2	172.1	80	175.7		139		121.7	195.2	55.9			160.1			309.2	364.8	58.6	235		146.9	340.1	265.2	335.8						245.3	228.9	89		344	80.2			279.5	249.3	149.2	70.1											193.5						81.7		419.2			362.3					118.5				45			28.6			20.2				136.8					120.1	747.1					265.1	220.5			263.9			64.4					73.1			149.5	1036.1	259.7	102.4	98.7	311.8					181.2						316.1
				26.5		36.7							71.6		54.3	44.5	47.4	39.6	170.6	54.4	36.7	41.5	69.6	47	176.8	88	63.3	34.8	79.1	17.6		14.7		79.8	33.6	39			50.7			38.6	55.9	21.2	85.9		79.8			98						80.7	274.9	168		41.9	13.7			85	70.5	24.8	51									32.8		12			197.3													104.3		15.2	16.1	11.2	18.4					498.8				28.2					23.2						46.5	60.8						6					88.3			54.7	1549.3	1846.2	71.2	50	73.3					43.9						
				55.2		128.9	50.9				60.9	103.2	69.7		74.4	65.1	63.7	74	80.8	70.2	72.8	60.6	203.3	90.5	326.5	142.1	163	76.7	112.4	83.3	275.6	25.5	197	89.4	121.6	78.7			83.7			170.1	115.4	34.5	79	99.3	101.7	112.8	78.1	197.4		51.6				154.6	323.7	169.3		79.8	77.1			212	146.8	32.7	26				971.2							153	109.2		152.9			68.9									64.6	108.3							98.5			135.1		526.6		81.9	36.1		67.6		184						149.6	133.3						41.6					119.5			59.8	1699.2	435.1	92.5	64.9	157				132.6	56.7	208					
	69.9			56.3		93.5	77.1				131	139.5	137.6		89.1	83.2	85.2	52.7	120.7	72.4	94.3	75.6	126.8	265.3	64.3	164.3	166.2	177.8	221.8	158.5	468.5	17		89.6	279.6	140.6			145.5			121.6	176.6	84.2	220.3	474.2	176.5	162.8	145.3	201						246.4	139.9	124.3		165.8	172.8			288.7	330.4	71.3	85.6				490.8							146.2			170.8	137.1		150.7		152				109.3				187.5				148.5			113.2			275.3				93.6					124.8			572.2			112.2	98.3						242.8					89.5			109.6	126.9	170.7	105.3	130.8	258.7					92.1						103.7
				68.3		88.1					26.5	60.8	75.4		100.3	88.2	177		73.4	93.6	211.8	231.1	244.8	79	59.1	105.3	89.8	100.9	103	89.1	45.7	40.5		165.3	94.3	99.4			103.3			55.4	34	113.4	79.5	86.9	76.5	37.6		86.5				41.2		121	139.7	89.8		71.6	101.2			78.3	52.1	63.4	68.9				20.5					74.4					177.5			142.2		26				62.7				90.9							51.4			68.4				139.1					77.4						59.9							5					64.9			44.6	108.6	98.1	122.6	57.5	78.3					51.6						
	238.9			79.5		53.1	80.9				31.6	76.1	118		102.3	98.6	73.8	18.2	129.1	97.7	130.8	95.1	187.4	109.2	60.1	62.3	129.9	68.7	33.4	98.1	315.6	44.6		52.1	139.8	100.8			162			36.1	166.6	63.1	176.6	221.8	98.2	495.1	109.4	50.5						154.8	82.1	75.6		235.7	93			45.4	36.1	46.3	46.7				612.1							43.6			76.9	34.8		115.3		125.2				70.9				91				2.5			120.7			77.1				79.7					56.5			165.8			47.1	64.4						159.1					57.1			42.5	80.2	66.4	95.4	73.6	83.8					116.9						43.1
				37.7		64.6	83.3				27.7		92	68.5	88.7	88.6	116.7	20.5	216.2	107	152	97.3	245.4	71.2	103.4	50.7	127.4	63.8	180.4	56.5	121.7	22.5		104.5	97.5	100.8			88.4			36.7	91.4	46.4	94.1	54.4	79.3	168.3	48.5	35.5						99.6	99.7	130.9		108.5	65.6			40.5	22	44.2	44.9									80		124.7			122			72.9		87.7							56	78.9							37.1			47.3				73.2					55.1						94	53.1			41.6			45.3	61				56.1			43.6	4.6	3.8	79.8	50.1	75.2					48.1				49.7		
				82.7		93	87.4				18.6	81.9	78.9	120.3	106	104.8	83.3	30.8	87.1	118.3	91.4	97.9	57.8	146	90.8	85	244.5	77.6	89.3	38.2	382.8	16.1	161.2	46.4	118.2	70.1			160.9			57.9	149.4		200.3	94.8	97.2	183.8	85.3	73.8						364.9	234.5	347.4		241.4	185.7			39.8	42.1	187.3	280.6				875.3					204.1					129.6			73.5						70.6			187.6	113.6							86.3			135.2				139.2	65				84.6	104.5					44				117			34.2					130.4			61.9	2	5.6	119.3	49.4	82.9					115.1	65.1					
				108.2		130.7	161.8				79.8	107.4	98.2		106	112.8	105.5	93.6	32.8	87.9	115.5	144.6	95.2	187.9	98.9	77.4	164.9	130.1	6.9	287.5		45.1		127.8	135.4	179.2			117.7			203.3	237.7	111.8	135.2	25.2	129.4	235.9	591.2	125.3						181.2	182.8	125.3		268.1	180.7			53.1	39.9	198.3	42.3									48.6		79.9			178.4			170.6		200.9				151.3				104.5				22.2			114.7			37.6	115.1			71.1					105.5						124.1				91.6			72.2				3011				202	65.2	91.7	91	60.5	146.8					141.3	124.5					
				129.4		171.5	134.3				45.6	150.7	170.2		92.3	67.2	97.4		142.3	92	65.7	60.8	66.7	148.6	118.8	128.5	169.4	101.6	180.9	148.9	92.4	52.8		83.1	61.1	150.5			49.3			200.4	242.1		181.8	307.7	184.7	134.3	105	212.7						204.9	55.7	117.2		140.5	70.6			84.4	125.7	71.9	89.6											103.3						134.9										143.7							178.1			98.1				120.5					157			1049.9			125.7				137.4			54.4								121.9	10.7	5.2	77.5	187.4	156.3					115.3		66				
				109.7		87.6	154.5				64.1	186.5	159.8	85.1	84	103.5	94.4	47.4	265.7	76.1	51.4	51.7	39.9	86.5	74.2	103.3	95.7	59.7	24.6	77.9	73.8	37.2	214.2	83.8	80.6	172.4			320.1			89.7	59.4	102.2	72.7		84.5	75.2	61.8	88.5		289.8		156.6		47.3	78.8	72		59.6	104.6			51.9	50.5		120.9											132.2			105.5			52.3		151.2			82.3	159.3				56.5		59.9		41.4			87.6			98.4				76.8			58.8		102.9	39.6				148.3	84.1	114.3						85								123.8	6.1	27.5	58.7	107.6	104.8				117.1	74.2		100.7				
				115.9		241.8	127.1				92.5	158.7	63.4	194	79.1	56.5	69.1	203.5	259.1	68.8	75	68.8	81.8	132.9	112.2	116.1	153.4	89.9	32.3	173.8	82	106.3	337.8	45.2	104.3	78.5			173.8			179.2	579	117.2	127.4	273.2	214.9	324.3	314	378		100.7		54.8		50.7	64.4	68.7		188.6	89			174.8	332.5		103.3											113.8			148			93.1		149.3			148.4	87.4				63.9		78		90.7			97.1			95.3				68.4			139.2		154.1	384.3				198.9	151.9	124.1						258.6								77.1	20.8	14.5	54.4	124.8	96.9				151.9	103.5		67.9				
				58.4		110.3	121.1			72.9	41.3	58.9	74		97.7	92.2	80.9	57.7	221.1	76.2	61.6	62	58	63.1	58.1	100	72.4	67.2	76.3	86.6		51.2			114.6	110.5			68.3			74.8			107	168.2	106.6	294.8	181.6	139.2						128.8	61.1	106.7		130.3	69.1			103.9	41.7	30.4	30.4											97						81.6		47.8								58.6							93.7			172.3				43.4					73.6						75	161.5			66.7			29.7					34.9			101.2	19.5	8.1	144.9	63.3	43					106.9						
				37.3		114.4	299.6			39.3	152.1	53.7	72		95.2	100.2	66.9	88.7	227.2	93.7	84.4	84.7	122.9	50.2	113.4	91.8	87.7	54.7	242.5	39.3		47.9			85.3	87.4			53.1			54.4			100.9	122.8	53	41.1	47	60.6						55.3	92.9	222.2		47.6	89.3			100.8	58.2	179.7	131.7											261.3						77.9		73								35.8							95.9			91.2				53.1					67.7						69.7	235			35.9			61.1					69.6			74.2	26.6	14	98.4	72.7	45.2					43.3						
				161.4		86.1	143.6				39.4	45.7	79.3		95.8	118.7	88.6		165.4	111.7	72.7	62.5	46.5	63.4	83.2	63.3	49.2	52.2	98	6.6	37.1	107.3		59.8	72.8	106.9			110.4			41.9	107.9		80.3	88	67.6	109.1	81.8	53.8						56.7	70.5	89.4		93.6	82.9			59.8	46.5	84.8	84											66.7						63.8										61.2							135.7			109.6				82.8					56.7			61.2			59.1				38.8			59.3								61.1	31	16.8	73.1	84.2	69.3					113.7		88.9				
				209.7		121.2					50.5	25.7	55		83.5	97.8	73.2		147.5	106.8	142.6	122.5	88.4	78.7	79.2	64.5	87.3	73.2	54.3	48.5	58.9	175.5		101.2	224.3	45.7			107.4			41.5	42.3	76.3	79.7	91.6	82.1	113.1		53.7				76.5		93	57.6	71.1		87.7	120.8			70.5	67.9	157.6	279.4				33.2					91.2					97.6			78.2		134.5				32.3				83.2							155.6			72.8				104					39.5						54.3							117.4					39.5			59.5	8.8	6.9	139.3	57.5	45.3					176.4						
				13		43.4							30.5		91.6	107.4	59.9	33	84.5	101.5	39.1	44.1	29.9	159.2	41.9	92.7	50.4	64.3	126	47.9				65.2	43.7	42			102.1			31.4	58	43.6	58.3		37.2			56.6						90.4	163	113.4		67.1	92.7			47.1	69.3	116.5	210.5									92.5		136.6			79.7													31.2		14941	11633.5	15845.2	7782.1					96.9				93.4					36.6						62	105.3						127.3					121.8			53.5	12.8	8.6	68.9	108.5	79.8					37.5						
				119.3		113.7	80				25.1	34.7	73	90.6	93.8	105.4	99.5	68.1	159.7	109.7	159.5	155.4	108.7	54.2	44.5	63.6	71.3	61.4	15.9	55.7	24.5	103.9		110	117.6	83.7			128			47.9	39.3	57.6	107.6	78.4	69.4	123	97.5	53.9						131.3	152.6	132.8		93.4				52.3	60.5	48.8	82				19.2							138.3			61.1			189.9									168.9	115.6										98.9				108.3					50.1			94			46.1	101.7						93.7					102.9			60.5	15.1	15.9	101.9	68.5	48.2					139.9						
				78.4		94.9	253.1				123.3	87.3	88.8		107.8	105.7	112.2		134.8	166.6	67.1	74	60.6	101.8	83.1	67.7	86.9	98.6	25.1	122.9	108.7	115.7		85.7	64	101			94.7			51.7	98.2		130.6	87.6	67.3	68.6	37.3	70.4						80.3	101.5	129.6		64.1	129.7			84.2	90.8	68.6	54.6											130.9						69										97.2							112.3			142				89.6					67			150.6			73.7				78.3			300.9								179.6	8.9	3.6	81.1	100.4	67.1					84.2		90				
				105		90.2	208.8				135.7		95.6	129	113.8	111	131	46.2	72.1	106.1	37.2	70.8	31.8	235.5	50.4	87.7	183.5	108.1	88.7	57.1	66.8	48.4		107.3	60.9	82.4			176			49.3	94.9	56.4	155.2	73.4	74.9	169.8	52.1	69.4						104.1	71.3	78.2		105.2	73.1			61.2	75.2	44.9	91.2									66.1		63.1			110.7			93.4		164.7							111.9	108.3							55.4			93.9				91.3					53.8						81.7	79.6			46.8			333.7	42.5				98.7			88.4	8.3	5	99.7	116.9	80					114.4				61.6		
				185.8		152.2	166.7				55.3	114.6	98.5	147.8	100.5	131.5	87.7	36.5	95.2	83.6	57.8	59	47.8	124.9	88.9	119.1	96.3	83.2	142.6	70.7		89.7		112.2	84.5	95.5			151.3			94.5	114		156.4	92.4	116.2	114.3		116.5		153.6				101.4	100			90.5	69.1			104.6	92.8	90.5	124.8				43.1					88.2		53.1	78		70.9								94.1				114.8	119.5				14.9			96.5			221.3	121.5	40.2		67	69		83.7		89.7						104.9		100.8		71.8			125.9	69.6				91			89.8	13.2	10.8	65.6	98.5	126.3					190.1	60.5			88.1		144
				199.3		183.6	118.9			112.3	35.3	115.4	150.3		103.7	95.9	144.3	104.9	86.8	64.4	36.8	57.1	39.2	104.3	59.8	77.3	161.9	76.3	37.5	94.5		55.8			86.4	189.4			107.4			138.6			153.7	146.8	115.3	115.4	219.9	183.2						142.9	94.7	110.9		211	202.1			42.4	66	163.7	296.3											47.2						204.1		158.9								78.3							87.6			118.1				99.5					132.4						86	206.3			128.9			39.8					73.3			117.9	42.1	12.3	95.3	188.8	100.8					139.2						
				134.5		144.1	107.1			138.9	91.6	55.5	105.6		94	99	108.7	117.7	76.7	142.7	159.9	242.5	169.6	48.2	167.8	46.2	138.6	68.5	93.4	60.9	59.5	178.9	76.2	176.4	142.4	93.9			120.1			92.1	38.2		101.3	72.1	105	96.8	107.6	35.2		132.8				80.2	99.7	83.4		81.2	58.8			50	52.1	51.8	55				40.6					94.9		142.7			51.5			127.2									104.2	78.9				65.4	91.7		146.5			55.7				91.7			70.5		70.4	39.5					74.3	133.4			74			31.9								76.3	46.7	12.7	94.3	89.6	52.5					91.8						92.7
	43.2			178.8		122.2	57.3				37.7	34.1	63.3		103.8	111.6	122	63.6	53.8	99.5	134	121	64.7	43.7	126.1	62.5	65.3	65.7	25.7	26.3	31.1	208.2		59.4	49.6	31.1			91.4			27.7	66.2	28.3	106	105.2	82.9	115.6	54.1	50.9						82.3	82.1	95.6		88.8	52.5			41.7	35.7	47.3	55.5				9.7							96.7			105.5	238.5		111.9		62				25.4				90.2				6.2			110.4			132				92.7					36.2						57	79.1						29.5					55.4			50.6	6	9.3	89.1	68.4	80.9					194.4						46.3
				203.2		99.2					79.1	56.4	64.2		93.6	110	125.9	24.1	126	127	122.2	100.4	110.4	53	80.1	69.4	42.1	56.7	81.4	51.1	62.9	94.7		131.5	56.5	69			109.5			44.9	74.6	64.8	76.2	112.4	90.2	74.9	67.3	87						105.3	83.1			90.1	48.7			73.7	51.6	42.2	135.2				14.8							120.8	97.8		61.7			43.6						59.2				93.8				13.4			97.2			140.2				93.9					55	35				55.9	34.7	144.8			66.3			94.3					57.2			60.3	37.1	20.7	88.4	48.4	60.6					108.2	103.8					57.2
				139		82.2	124.5				75.5	28.7	39.9		97.5	98.1	48	28.9	207.7	85.5	61.5	80.9	39.3	38.1	24.2	54.9	60.7	42.3	94.9	52.6	62.6	72.2	157.8	121.2	47.7	54.7			72.7			35.8	76.5	39.5	96.5	59.1	67.3	195.2	127.3	49.4		75.9				141.8	136.7	167.6		96.9	161			57.7	19.7	47.3	63.4				241.4							158.1	83.3		50.3			59.8									146.1	53.5							91.5			139				77.3	16.8		48.3		42.1						40	99.5						125.7					65.5			82.2	15.7	3	107.8	49.5	29.4				51.5	116.7	242.4					
				87.2		134.2					196.2	55	56.1		95.1	96.1	77.4		138.7	84.4	95.2	90.8	120.7	110.2	116.6	105.3	107.4	76.2	233.6	56.9	43.4	123.7		71.8	70.4	76.8			61.9			68.7	53.1	101.8	111.1	154.8	129.3	90.1		80.3				89.9		63.1	56.7	105.2		57.7	81.6			81.1	123	32	47.9				38.9					62.7					55.8			109		107.3				76.6				104.4				32.9			91.6			67.2				152.5					79			219.7			107							39.2					63.9			37.7	87.6	54.7	95.7	84.7	85.5					88.7						
				104.6		108.4	69.7				70	123.7	111.6	90.5	105.8	103.3	123.9	84.6	111.3	81	76.6	93.4	54.2	147.2	81.6	116.4	82.9	80.1	237.4	112.2	69.9	67.4	283.4	58.7	103.1	119.9			273			172.1	118.7	66.2	89.1	114.2	140.7	126.3	135.4	120.7		328.9		115.4		82.9	89.3	81.7		83.4	133.1			72.6	105.6		102.3											101.3			138.5			99.3		136.5			117.4	92.6				103.3		44.9		6.1			198.3			59.5				119.4			81.7		155.8	154.4				188.9	103.8	153.9						187.2								53.8	38.8	14.1	66.3	79.9	135.4				127.5	131.9		97.3				
				104.7		125.4	110			75.3	120.4	100.9	85.8		106.5	101.4	165.5	54.3	129.1	71	51	46.6	39.6	61.8	131.8	110.1	75.1	84.2	174.6	100.9		145.1			79	121.6			86.9			102.9			100.8		59.2	108.8	108.2	148.1						97.9	77.4	186.3		74.2	64.7			116.7	105.3	41.8	52.6											97						182.1		73.2								51.8							64.6			129.8				86.7					81.6						80.4	192			113.5			24.5					46			88.9	3.8	2.5	63.4	128.8	101.8					104.6						
				78		153.2					25	76.8	101.4		108.3	132.9	107.6		76.8	100.2	122.1	112	87.2	109.6	105.3	88.2	125.7	97.4	44	130.6	199.3	129.8		56.9	66.8	100.8			95.3			96.8	107.1	124.2	144.9	204	103.4	112.5		77.8				76.9		115.7	90.8	153.5		159.3	275.4			99.8	70.7	106	78.9				415.7					119.5					72.8			86.7		117.7				94.6				68				3.9			161.6			53				141.9					98.6			5178.1			104.3							49					40.1			116.9	10.8	17.9	80.7	130.1	78.6					98.2						
				44.1		130.4					362.9	248.6	132.3		97.3	104.2	126.2	99.8	147.1	71.5	44.5	38.6	43.8	137.5	95.7	136.8	72.1	110.7	280.4	359.6		44.9	170	210.9	72.9	83.9						249.9	142.3		207.3		129.5	44.6	82.5	100.1						128.2	194.4	84.3		155.9	124.4			224.6	219.4	193	144.6									278.4		139.3	196.1		236.5			91.6		194.9			127					200.1				4.3			168.5			10	241			224.5	182				124	91.1					154.1		184					42.3					165.5			88.9	29.1	53	62.4	182.3	123.5					71.4						
				100.9		120.5	239.8				271.8	80.8	83.7		116.2	120.8	137		62.8	83.5	73.3	80.4	60.7	64.3	89.5	87	116.4	81.5	22.8	143.1	99.9	51.5		77.6	60.1	125.5			160.5			81.6	89.3		125.9	242.5	104.2	53	28.9	109.1						170.7	150.9	171.9		89.1	42.8			159.4	101.8	54	69.8											58.9						143.8										130.5							120.2			179				97.3					112.1			189.1			86				34.9			88.1								94	28	24.3	92.8	78.9	98.4					93.5		101.5				
				92.7		72.2							38.4		78.1	101.5	52.9	56.5	63.4	284.9	421.9	328.2	295.5	68.9	174	62.1	77.6	82	28.6	72.1		56.8		192.5	56.5	34.6			42.4			51.4	54.6	50.1	95.5		118.4			57.4						103.5	138	119.8		99.4	102.4			68.7	37.4	50.1	27.2									41		65.9			52.1													75.5		37.4	36.1	64.4	34.8					107.2				44.9					34						46	71.2						95.4					130			70.5	18.4	38.9	149.4	51.5	35.7					185.6						
				196.6		114.1	123.7			85.8	213.7	50.5	90.8		100.5	90.8	92	49.8	57.9	116.9	171	150	139.4	98.3	152.5	66.2	93.3	79.6	57	80.9	118.7	119.2	50.6	63.1	62.6	52.5			101.8			58.5	94.6		98.5	46	88.9	151.9	187.7	100		83.1				97.4	74.7	59.1		231.1	74.4			52.3	44.5	36.9	49.6				164.2					19.3		88.5			14.3			103									172.5	71.8				5.5	60.2		111.4			87.1				142.8			89.2		77.4	42.2					63.7	112.8			65.4			58								52.4	35.4	31.1	110.1	96.7	50.4					182.8						74
				58.3		115.2	56.1			78.5	220.2	91.7	80.7		96.9	87.6	115.7	149.5	93	87.8	189.6	168.9	173.6	41.7	149.6	88.1	101.8	67.9	134.7	88		100.1			125.2	117.7			93.6			105.6			96.3	185.8	112.1	35.9	46.7	122.8						108.8	117.5	79.2		62.1	154.9			94.8	70.1	75.1	68.7											126.5						153.6		60.7								152.5							137.4			101.9				81.3					110.1						95.8	185.6			79.4			44.7					40.3			39.5	247.6	65.8	121.6	129.1	96.3					54						
				53.7		96.3					170.7	123.1	91.8		116.8	98	125.4	66.9	62.7	80.8	113.3	123.6	101.1	45.5	62.9	61.4	174.8	55.1	98.3	105.5	59.8	45.3		64	56.9	101.8			126.6			81.2	31	94.1	91.9	46.1	51	17.6	28.2	57.9						93	118.1			41.8	102.2			47	48.4	100.7	362.1				33.4				658.2			155.2	39.6		153.8			113.5						140.3				118				19.7			110.5			108.3				122.1					101.2	177.3				356.1	92.8	76.9			67.7			68.3					102.6			60.6	30.2	105.2	137.9	146.6	96					51.9	151.4					75.4
	68.7			134.3		131.7	46.4				85.2	55.1	106.9	89.8	107.3	129.7	103.9	41.4	75.4	113	74.8	112.8	89.6	163.1	58.3	77.8	125.6	116	114.3	75.5	136.8	68		89.1	144.1	122			74.5			50.3	84.1	96.2	99.9	114.7	143.1	106.2	162.8	45.8						127	96.4	75.1		118.2	172			77.3	85.9	133.2	131.8				245.8							54			90.6			114.4		117							131	89.4				23.3			79.1	134.8		100.6				120.4	100.9				59.9			41.4			90.6	155.1						149.6					113.7			25.8	9.4	14.4	97.3	110.6	59					169.5	116.7			88.9		
				108.8		182					360.2	127.4	112.9		94.7	84.8	133.7	253.5	62.8	63.5	73.1	120	111.4	102.8	231.2	102.1	153.8	104.9	109.6	185.6		48.9	83.5	46.3	186.5	96			102.6			263.1	240.2		115	108.3	154.5	66	183	185.9						154	99.9	90.4		146.5	110.1			244	273.5	137.2	80.6									48.7		191.9	100.4		136.9			134.6		91.9			220.5					123.6		49.5	42.4	34.3	43.3		116.4			68.9	212			51.8	111.2				218.4	392.2					171.2		147.9					114.4					91.7			101.9	129.3	74.2	91.3	166.8	128.2					159.4						
				60		164	60.4				526.4	151.7	115.7	116	97	97.5	151.7	95.5	114.7	61.2	89.8	84	114.1	64.4	134.5	116.2	188.9	84.2	118.7	70.5	119.3	183.9	233.3	85.9	98.4	135			139.6			150.7	105.4	78.1	212.8		170.2	145.6	191.2	101.6		148.9		92.1		190.9	66.4	71.6		144.8	84.9			231.6	144		61.1											87.4			94.9			79.2		169.8			124.4	101.6				141.7		1257.8		826.6			80.8			110.8				46.9			140.8		112.7	307.6				115.6	179.5	132.1						99.9								56.9	37.8	12.9	132.2	74.1	163.2				185.1	254.2		70.4				
				115.5		126.4	137.7				31.2	104.4	97.3	115.1	102.9	111	118	38.7	137.7	102.4	61.4	73.5	83.8	123.1	85.8	63.8	195.7	80.6	37.3	80.8	87.1	30.1	95.5	167.3	101.1	57.1			299.7			58	105.4	93.2	117.3	76.4	66.2	69.3	76.3	60.7		67.9		83.2		114.2	113.9	120.9		86.3	123.8			55.7	62.7		284.9											120.1			111.5			89		96.2			77	72.3				69.9		39.8		15.8			46.8			122.9				58.6			130.6		83	70.5				55.6	101.8	147.1						16								134.5	10.1	7	85.9	71.9	75.9				84.7	94.7		87.3				
	137.7			55.5		146.7	134.1				120	185.9	150.6	101.8	116.3	129.9	128.6	43.9	65.1	73.4	155.2	141.8	133.1	62	81.1	127	144.3	89.3	71.6	149.7	278.2	24		97.6	162.8	163.7			162.7			173.7	42.1	100.4	148.4	226.5	137.5	16.5	8.9	101.4						77.6	134.6	93.3		61.2	129.7			120.5	167	58.3	86				461.6							121.1			274.7			191.6		123.2							78.8	129.6							102.1	160.3		150.8				139.1					148.8			185.7			95.6	134.2						39.1					72.6			99.5	3.1	5	68.6	157.2	177.8					52.2	126.1			94		
				109.7		145	155.2			136.2		95.9	85	100.3	106.2	101.2	65.3	216.6	55.9	104.4	130.1	115.6	110.6	142.7	77.4	109.2	246	117.4	39.6	125.8	58.2	28.8		73	104	102.6			91.2			91.7	99.5		126.6	88.6	87.3	106.5	182.3	178.4						101.8	90.1	77.7		108.2	172.9			55.2	41.1	161.3	265.2				60.8							16.9	50		65			76.9		92.6				81.5			198.3	110.2				21.7			93.2			316.8				120.5					99.5	91					85.4	109.1						104.6					125.5			95.2	134	24.4	146.7	144.6	81					120.6				113.9		88.1
				89.3		106.4	77.5			113.6	41.4	123.3	78.1	54.3	91.1	74.6	94.5	86.1	169.8	37.4	84.3	117	56.1	94.4	252.9	78.6	100.5	70.8	282.7	107.8		219.8		93.5	47.2	67.2			22			131.9	105.5	62	66.3		85.4	122.4	114.5	74.8						38	55	87.4		47.1	71.1			56.5	38.6	46.4	50.7											98						101.7		115.5			101.1					57				154.1			38.3			16.9				87.3					74.1	90.1					95.7	65			105.9			12					53.4			44.6	2.4	0.5	53	206.5	124.8					88.7						133.7
				62.5		73.3	89.4				65.3	85	82.1		89.3	105.7	119.4	45.9	175	95.1	91.1	88.3	61.2	88.7	69	104.9	46.8	101.2	210.6	94.6	47.7	15.7	211.8	57.2	75.7	86.9			85			59.7	56.4	56.3	65.2		82.1	36.1	41.6	89.6		71.2				56.8	64.9	96.3		62.9	51			66.5	87.8	69.1	64.7				41.9			130.7				70	51.5		53.3			90.6									76.4	79.3							75.1			109.4		125.9		79.9	65.6		59.1		79.4						86.6	116.4						58					149.6			96	158.8	91.5	124.2	116.2	62.8				105.3	74.1	117.1					
				120.6		100.5	104.6			116.7	59.6	128.1	109.7	32.4	115.5	114	57	218.5	42.7	110	124.7	95	68.8	63.8	165.9	76.5	64	71.2	83.4	100.5		144.5		47	65.1	119.8			97.7			100.2	58.5	76.2	84		75.4	97.3	72.8	70.4						89.7	83.6	74.5		61.9	270.4			70.1	96.7	83.6	110.4											78.6						70		159.8			113.3					84.9				98			105.5			65.1				56.2					101.1	120.8					85.2	69.5			69.7			61.3					77.4			49	27.1	56.6	113	140	65.6					89.4						90.1
				202.5		154.8	158.7				300.2	109.5	96.6		99.3	103.8	83.5	124.9	38.3	109.6	97.7	91.8	66.3	123.6	182.1	76.2	64.8	79.1	35.5	136.1	70.6	167.3	154.4	51.8	175.1	107.6			103.8			84.3	133.5	69.9	97.1	52.7	90	196.9	244.4	72.3		89.2				158.4	87.3	89.8		233.7	145.5			102	118.4	191.2	222.8							110				61	82.9		74.3			148.1									114.2	71.3							106.3			94.7		12.5		115.6	61.8		75.9		91.2						72.7	99.7						149.1					74.3			190.9	14	15.2	96.9	110.7	103.1				80.9	210.3	235.8					
				146.1		128.7	171.9				119.4	351.7	190.5	67	115.3	139.1	149.8	77.4	40.5	81	55.3	90.7	46	131.4	102.1	109.3	67.2	100.4	63.4	210.4	84.7	102.4	352.4	45	112.9	43.8			155.2			232.3	264.8	95.7	124.8	118.8	162.8	164.5	144.2	76.6						72.7		45.1		90.5	228			64.3	50.4	58.7	57.3				96.1					138.5		83.6						78.2			421.2		285	239				72.9							366.2		593.4	7.9				262.6			75.7		126					74.1	135.8	173.9			266.5			68.8					72.9			87.8	7.7	16.6	64.8	194.7	154.4					85.1						108.6
				54.4		106.4	66.4				158.6	49.9	50.2	113.1	105.5	123.7	173.4	29.6	153.6	95.8	116.5	121.3	105.8	30.3	84.7	48.6	46.2	44.6	71.2	58.2	75	473.1	77	84.2	34.2	36.9			161.1			37.1	63.3	52.3	69.1	67.8	45.8	273.7	183.4	42		39.2		33.8		67.7	70.2	76.5		87.2	70.1			42.5	35.7		111.8											80.3			56.3			90.2		57			59.7	43.4				49.4		48.7		16			38.7			113.8				37.4			59.9		40.4	25.8					26	115.2						385.8								43.1	3.9	11.6	100.2	46	39.4				76.9	156.4		101.3				
				124.9		119.4							171.8		106.7	119.6	76.1	85.2	71.7	101.3	94.4	95.2	92.2	84.9	111.7	74.3	108.1	92.4	46.8	86.1		130.7		47.2	112.8	177.4			161.4			133	73.5	100.6	59.8		83.5			57.3						38.9	37.2	73		86.2	69.2			29.4	66.1	35.1	36.9									194.2		41.5			66.8													68.3		71.6	22.4	22.5	107.6					64.6				120					167.8						134.5	105.9						51.9					111.2			66.1	2.4	1.9	89.7	128.1	92.3					101.9						
				110.7		135.6	83.5				270.1	138.3	129.2	168	95	115.1	128	82.8	136.8	68.6	78.1	119.3	73.1	68.4	115.1	71.7	106.5	69.3	222.2	14.4	43.3	46.8		150	68.7	102			108.9			111.2	97.3	100.5	102.6	108.6	91.5	108.4	79.9	62.9						78.5	115.8	172.4		80.2				25.8	46.4	494.3	304.2				32.2							140			94.6			96									106.4	99										68.6				19.8					106.4			33.7			116.4	158.4						20.9					91			69.7	12.4	12.5	87.4	74	122.1					116.1						
				69		94	66.8				138.7	94.1	96.8	68.3	119.9	109.2	167.3	87.2	51.3	84.5	72	114	87.9	66.7	81.6	100.3	100.7	67.1	27.3	116.7		31		104.8	89.1	174.3			153.4			63.7	67.6		96.5	88.2	90.3	66.6		80.2		251.1				183.8	181.6			111	133.8			62.9	50.2	65.1	71.3				58.9					244.1		48	68.7		60.7								85.6				56.6	79.3				66.9			127.9			146.2	63.4	52.6		143.3	336.1		110.5		74.1						83.1		104.7		75.1			140.9	112.8				102			80.9	130.1	44.1	134.1	106	102					75.7	118.7			83.5		78.2
				100.2		104.5	185				165	122.2	148.8	114.4	109.4	108	58.4	77.3	67.8	90.8	122.7	124.4	113.3	174.6	136.1	125.2	117.2	102.7	23.5	116.8		48.4		100.2	62.5	133.7			165.1			138.3	90.2		81	56.5	74.9	31.6		128		266.1				65.9	49.7			125.7	126.4			148.7	159.8	65.6	60.9				27.1					75.7		72.1	137		58.1								111.9				80.2	92.9							143.2			189.9	106.4	74.2		103	123.1		95.7		152.3						124.9		170.7		92.4			110.3	98.9				47.9			330.6	26.2	11.1	114.6	155.1	178.8					49	157.6			250.9		124.9
				23.9		76							144.6		112.2	97.7	77.2	76.7	123.5	162.3	110.2	103.7	92.1	115.5	54.6	105.6	128.4	96.6	157.3	102.2		21.3		51.1	49.6	269.8			122.9			100.8	66.7	96.8	78.6		69.9			78.9						48.9	94.7	95.7		42.1	108.5			61.3	94.6	39.9	33									292.2		245.4			112													82.8		23	24.3	10.8	46.6					158.4				135.2					135.9						142.1	132.3						25.2					99			158.5	69	99.4	86.6	117.6	100.2					38.4						
				162		170.5	87.8				274	125.2	115.4	144.2	93.5	104.2	113.5	59.7	147.1	85.9	54.9	70	56.1	87.5	49.9	96.6	102.5	88.8	126	88.5	51.5	93.2	94.4	48.5	94.5	121.1			99.8			121.4	162	94.1	190.6	126.8	165.9	118.4	139	85.5						148.9		95.2		153.3	116.2			90.9	129.2	30.8	43.4				44.2					59.1		72.1						138			141.5		99.5	109				76.7							99.5		157.6	81.2				93.6			127.6		123.3					150.6	100.5	129			267			26.9					132.3			61.8	4.4	15.6	93.1	161.7	108.3					155.6						105.9
				85.2		147.9					203.2	96.8	127.8		117	126.1	122.3		44.2	123.5	83	95.7	135.2	183.3	62.3	125	70.1	106.5	58.6	98	52.5	89.7		60.9	107.9	115.3			142.1			80	67.8	209.5	139.6	180.1	130.4	75.1		116.7				102.7		115.7	113.2	61.3		117	133.3			91.6	113.2	78.5	114.6				40.8					84.9					54.1			136.8		99.1				65.9				101.5				3.6			211.9			111.6				191.1					118.9						97.6							112.9					83.9			60.5	18	16.2	95.8	108.1	99.4					125.6						
				59.1		90.1	92.6				226.6	152.8	163.7	77.2	115	101.3	103.7	88.2	88.1	123.8	101.7	127.6	107.4	108.8	91.5	105.6	92.3	83.8	41.4	158.7		47.9		131.3	77.2	147.8			167.4			148.2	94.7		80	75.7	93	46.8		95.4		233.3				86.7	115.6			89.6	159.7			118.3	87.7	47.6	52.8				67.9					225.5		33.7	163.1		101.5								148.1				47	84				10.7			146.5			137.7	105.3	69.5		52.1	136		107.6		176.4						146.4		64.6		67.4			98.9	132.7				142.8			114.4	16.9	33.3	120.5	145.7	65.2					70.7	120.6			104.3		112.7
				65.6		63.8	51.9				49.7	62.8	88.8		104.4	101.4	68.6	156.3	191.1	83.9	63.4	84.5	38.7	65.3	66.3	80.8	65.1	56.2	194.9	78.1	40	71.6	215.8	78.4	51.5	160.9			49.9			59.4	40.6	65.2	50.6	85.6	61.7	141.3	106.3	53.8		86.5				58	49.3	93		79.1	102.5			86.2	72.6	47.8	41.9				24.3							78	27		35.2			75.2									96.6	42.2							94.7			97.2				113.5	164.3		42.9		94.6						83.6	88.5						19.2					69.8			50.7	13.8	24	78	47.4	49.6				48.7	88	223.1					
				164.5		75.4	67.9				43.2	38.1	60.6	82.1	88.7	84.2	117.5	75.2	165.6	78	56.2	91.9	66.9	91.1	78.1	70.7	93.6	62.2	102	36.8	49.4	100.3	110.2	176	98.8	38.2			63			39.9	91.3		83.9	117.4	86.1	83	78.9	126.8						111.9	61.4	110.7		83.3	77.8			84.7	80.7	36.5	69.8									115.2					28.9			85.4						79.9			132.6	86.9				42.3			61			109.9				58.2	75				46.3	30.3					47				49.8			35.6					113.9			211.6	22.9	44	119.1	40.5	40.8					124.7	56.7					
				66.5		83.7	55.8				70.4	130.7	129.2	109.6	119.5	91.9	201.7	59.2	78.5	104.7	48.4	72.6	61.3	162	39.8	104.8	137.9	130.8	106.1	97.3	43.9	24.9	151.8	84	73	133.4			123.6			75.4	95.6	76.7	98.1	122	81.3	131.2	146.1	88						151.9		100.7		86.8	84.9			105.1	76.5	79.3	104.5									84.3		67.4						169.7					114.6	95.1				72.6							137.6		114.1	72.2				132.1			89		98.4					74.9	80.4	100.4			104			246.6					168.1			113.5	12.6	6	101.2	81.1	155.6					55.4						79.4
				204.9		105.1	138				29.2		146	83.3	121.9	128	109	47.7	31.7	70.7	39.7	66.4	26.6	72.7	46.6	117.2	82.9	91.1	56	59.2	32.1	225.1		80.2	54.8	189.7			123			96.3	121.2	66.3	75	63.3	75.3	92.3	153.9	63.4						49.5	47.2	40		67.1	89			93.3	93.8	103.1	100.1									45.6		53.1			104.6			218.9		117.1							90	81							94.4			83				174.7					123						127.9	70.6			53.3			25.7	133.3				59.1			55	4.9	4	77.6	94.8	184.9					90.7				83.5		
				151.1		153.3	104				218.9		69.4	121.3	82.4	88.7	89.1	82.4	123	98	102.1	90.3	70.5	154.5	98.2	58.4	174.8	110.1	105.2	62.9	90.9	147.1		118.7	71.4	68.4			110.8			82.1	95	110.3	112.6	54.7	80.3	112.9	119.3	107.7						102	120.5	152.2		88	79.6			15.8	15	736.6	392									158.2		171.6			174.6			81.5		110.7							132.6	93.9							76.9			129				87.8					72.2						64.5	78.9			66.5			124.4	72.4				86.9			113.3	216.3	187.8	126.2	92.6	60.7					107.2				153.4		
				108.3		174.2	109.1				86.9	101.3	102		113.5	103.9	88.2	567.9	96.6	96.7	77.7	85.9	80.6	106.5	65.3	125.1	91.2	121.3	35.2	69.6		295.8		80.8	98.2	147.6			112.4			119.6	126.3	108.2	110.9	57.2	101.3	113.1	109.5	157.3						126.9	124.1	94.1		78.6	94.7			152.1	196.6	307	84.6									181.3		140.7			197.3			110.5		128				116.7				110.9							64.3			103.8	130.4			73.8					133.4						115.4				115.3			39.8				369.3				116.2	5.1	10	52.5	103.3	127.6					124.1	103.1					
				111.1		155.3					108.4	71.4	75		100.1	99.4	54.5	83.1	72.3	105.1	126	105.4	99.1	154.4	197.7	108	145.5	137.1	12	112.5		101.9	102.1	53.9	94.3	83.5			93.9			101.8	95.9		116	161.3	141.3	112.4	136.8	97.1						81.9	39.8	59.7		79.2	132			49.3	87.8	119.5	117.1									70.8		59.5	60.5		85.9			91.5		175.9			106.5					70.3				17.1	651.1		105.2			101.3	67.1			111.6	116.9				106	88.2					106		106.9					97.7					83.4			109.7	18.3	36.5	100.8	122.4	88.5					92.9						
				155.8		110.5	169.4				53.6		90.4	132.7	115.2	90.4	65.1	77.1	95.1	89.5	75.5	96.1	73.9	71.5	77.3	55.6	112.1	60.5	56.2	54.3	160	155.3		45.2	47	105.9			93			64.9	102.9	152.9	96.6	30.5	82.4	140.8	142	93.7						76.1	91.1	138.4		145.8	85.3			54.8	46.2	70.8	96.6									104		48.1			49			74.1		78.4							187.4	90.6							66.3			222.4				84.1					86.1						30.4	76.4			31.9			83.7	93.6				83.9			79.1	35.3	14.6	80.8	105.9	59.8					135.6				118.4		
				72.5		88.5	52.5				56.2	102.1	73.7	156.3	98.8	91.1	76.6	224.1	130.3	92.7	87.5	118.1	142.1	62.6	84.9	124.3	56.8	113.9	81.9	88.9	12.2	22.8	214.5	128	90.8	125.3			109.8			51.5	61.8		91.7		35.1	38	84.1	89.3						57.8	81	80.8		97.6	65.9			208.5	202	38.3	45.3									49.3					29.3			65.7						47.6			196.8	63.9				2.4			123.6			73.7				101.4	60.7				65	60.1					80.8				129.1			181.6					135.4			95.1	140.8	157.9	127.9	43.2	49.1					75.5	109.1					
				131.4		102.1	73.7				140.6	132.3	72.9	119.5	101.1	86.4	90	68.1	127	71.6	49.1	58	64.2	116.7	106.4	100.7	74.8	96.6	148.5	123	35.4	79.9	223.6	142.9	77.6	106.5			59.9			105.7	57.7		80.7	131.1	105.1	70	53.6	102.8						76.5	55.4	78.4		67	48.3			115.8	127.9	63.7	78				48.6					108.7					97.5			96.8						105.8			86.2	121.3				40.6			126.9			76.1				66.1					101.2	132.4					166.8				146.1			349.9					114.7			218.5	14.6	42.2	99	109.6	183.5					126.6	160.8					
				103.7		81.4							103.1		82.3	85	51.3	489.5	58.6	133.8	59.9	79.8	26.8	235.8	302.3	286.3	201.8	179	7.4	284.4		50.1		127.2	104.7	84.5			135.8			336.4	102.1	157.8	168.8		234.3			184.2						95.7	73.3	34.6		108.9	115.2			110.4	55.8	282.2	63									214.3		141			95													297.1			63.2	119.3	32.1					63.2				57.3					134.6						143.6	315.1						127					171.8			548.7	102.7	106.6	100.1	90.3	184					55						
				103.3		117.2	106.4				376.9	75.4	78.9		78.4	80.1	86.6	36.5	213.9	144.9	104.5	102	134.7	70.4	130.4	96.6	141	109.2	249.8	151.4		118.2		110.9	120.6	118.9			82.7			164.1	93.1	72.8	124.8	126	131.8	94.4	70.8	111.8						113.6	119.1	163.2		96.9	59.5			24.1	51.1	429.7	110.6									100.1		130.7			127			86.6		35.8				89.3				131				33.7			85.8			90.4	104.8			88.2					140.5						102.1				58.8			61.1								143.5	12.2	4.2	84.8	112.7	160.4					117.1	103.5					
				111.8		109.3	87.3				145.7	66.9	106.8	85.2	99.4	120.2	155.9	74	64.9	185	179.2	126.6	145.4	81.9	87.9	97.6	102.7	109.7	46.8	94		101.5		116.6	119	144.3			138.1			49.8	39.7		109.2	256.1	216.9	36.3		87.7		258.6				72.4	66.7			77.1	76.1			66.6	44.8	135.1	152.8				55.9					200.5		103	124.2		74.8								100.1				34.3	85.2				227.8			198.6			195.1	80.9	40.1		120.9	130.5		95		71						65.8		128.5		78.8			222.2	376.6				135.2			169.6	5.9	21.5	139.1	108.5	79.6					61.2	224.5			126.6		82.5
				128.5		88	102.9				161.6	64	64.9		106.9	96	62.5	82.9	94.3	172.7	120.9	110.9	119.3	103.2	71.3	69.5	67.7	102.1	81.1	62.1	118.3	275.8	288.2	144.1	55.9	71.9			95.9			35.9	65.1	71.4	63.6	37.8	47.6	150.2	108.2	53.9		79.7				61.8	63.5	108.7		134.7	73.1			51.2	26.7	49.2	76.7				277.7			173.6				84.1	128.9		56.6			68.6									162.9	46.9							127.2			211.9		15.4		112	39.1		57.1		55.5						43.2	51.6						153					137.6			172.3	13.7	11.1	98.7	47.6	49.2				46.7	117.4	199					
				168.2		136	91.8				58.5	127.8	118.5	99.6	110.5	113	114.1	90.3	59.1	136.1	73.3	70.3	78.8	84.2	75.8	125.2	126.4	106.1	60.5	104.3		131.8		92.8	92.5	166.3			152.5			109.5	108.8		116.4	155.8	114.6	72.8		121.7		296.1				86.8	56.6			95.1	96.3			100.7	101.4	72	82				59					160		140.7	214		85.6								164.1				94.6	88.4				24.8			125.3			147.7	71.1	42		102.2	150.9		115.7		137.8						98.1		153.8		113.9			117	310				103.1			169.7	17.3	6.8	100.7	157.9	165					109	215.1			79.7		70.2
				161		75.2	109.4				79.7	21.8	56.8	90.4	111.6	99.4	64	34.5	79.8	207.8	115.9	102.1	130.9	94.4	30.9	65.5	60.2	93.4	45.2	92.2	46.9	129.8	262.8	139.7	36	60.5			85.9			29.2	62		72.7		23	104.7	217.5	59.8						86.9	72.4	91		92.6	52.2			59.7	46.2	330.5	412.1				35.4					99.8					52.4			81						41.1			417.8	40.9				48.7			47			205.7				118.7	72.1				46.8						27.6				109.1			45.5					110.9			187.6	10.6	2.7	128.9	65.6	20.1					129.4	104.1					
				120.6		114	80.4				47.2	120.8	76.6	65.8	102	93	74.5	132.4	112.3	86	118	118.3	117.9	42.2	94.8	78.4	121.8	71.4	134	76.4	68.6	234.8	42.7	95.4	88.3	85.3			72.9			80.6	77	51.8	88.8	89.7	99.4	72.6	107.9	74.3						52.8		114.1		71.1	85.4			95.8	63.1	154.5	127.9				20.1					124		245.4						103.6			52.1		77.4	59.3				47.7							114.8		155.5	66.9				48			86.4		94.1					99.6	139.6	90.6			107.2			24					52.7			102.6	28.2	29.3	116.1	148	88.3					95.6						119.4
				172.2		143.8	103			129.4	75.6	49.9	94.9		103.8	116.6	94.2	262.7	71.8	125.7	56.4	92	70.9	68.4	95.6	115.8	71.2	103.4	99	71.9	76.9	94.5	100.5	127.5	148.2	66.9			122.4			71.6	55.7		88.2	105.7	96.8	97	103.1	103		68				72.8	73.8	75.1		86.3	119.2			141.1	124.9	73.4	84.4				36.3					116.7		117.7			57.7			67.4									118.8	114.1				14.4	86.3		137.9			186.9				161.5			77.2		78.6	86.4					71.5	84.1			89.7			188.2								55.6	68.9	28.9	97.6	100.7	98.4					98.8						100.8
				57.6		152.3	128.8				30.5	90.8	125.6	148.4	92.1	81.6	134	78.4	68.3	168.3	135.4	91.9	94.9	157.8	106.5	185.2	214.5	139.4	94.5	135.3	112.1	22.6	107.6	104	151.5	81.6			175.5			143.2	172.6	66.2	163.6	134.2	121.1	57.3	67.3	223.5						182.9		97.6		101.2	129			144.2	195.3	234.8	231.6				62.2					147.2		165						74.7			116		118.9	80.3				115.4							145.6		165.9	218.8				78.7			189		122.1					150.7	137.8	55			438.1			92.8					181.4			113.3	192.9	166.5	113.9	163.7	114.4					69.2						83.5
				122.4		186.4	161.3				173.1	289.8	243.8	130.7	101.9	100.4	156.9	179.8	41.9	174.8	90.4	111.3	75.1	220.5	79.7	178.3	145.1	201.5	75.9	275.3	111.4	91	220.1	87.8	234.8	120.2			177.3			364.3	159.5	133.2	217.6	195.7	315.1	103.6	188.2	244.7						110.8		66.3		224.9	221.5			158.3	155.7	98.9	80.9				72.1					294.3		322						131.3			979.3		588.2	553.3				115.8							229.2		354.1	57.8				277.4			144.9		219.8					335.1	65.7	115.1			459.7			120.7					527.7			166.2	17.3	21.2	63.1	218.8	206.6					195.3						106.7
				180.5		108.4	123.8			61.1		75.6	87	48.4	113.1	109.7	139.8	97.7	45.2	170.8	52.8	73.7	77.1	127.8	73.4	83.9	76	111	64.7	99.5	21.5	118.6		102.9	102.9	49.9			119.3			36.9	38.1		72.1	38.1	53.7	99.1	112.9	55.3						68.5	40.3	48.9		76.3	69.8			43.4	26.3	72.4	125.4				66.8							36.1	85.6		58			49.4		50				48.7			87.4	78.4				33.3			49.6			82				104.6					52.7	31.8					68.5	98.9						467.3					138.9			102.3	8.6	5.5	110.1	71.4	78.7					111.5				88.5		81.1
				35		154.6	65.2			50.8	217.7	89.4	117.2		103.6	106.1	126.8	248.9	56.1	175.4	90.4	118	99.6	205.5	167.8	96.5	99.3	166.3	89.9	118.1	115.9	59.2	152.9	44.1	129.1	79.2			156.1			131.1	118.9		102.3	83	101.6	37.4	42.8	85.9		94.9				55.4	61.1	56.5		67.1	165.7			324.1	329.6	88.5	73.9				65.9					156.9		147.7			92.3			73.6									141.6	56.2				11	39.7		191			83.3				120.7			101.3		132.4	163.8					147.9	96.5			141.9			69.8								120.4	13.5	7.7	134.8	176.6	159					36.3						101.9
	28.7			66.3		107.9	142.1				459.5	171.3	133.4		114.7	122	130.2	100.3	49.4	89.5	69.6	95.8	57.4	71.8	95	149.3	87.5	124.1	23.3	192.2	183.1	104.3		109.3	100.2	92.9			127.8			208.5	132.4	112.5	122.2	52.5	161.1	41.8	40.3	103.1						88.7	136.3	181.9		50	185.9			154	87.8	83.8	83.4				252							131.2			123.9	144		123		139.5				310.3				146.4							231.9			49.3				192.6					118.8			119.5			142.1	206.8						23.4					125.5			102.6	17.6	33.8	78.7	191	142.6					67.4						104.8
	79			129.6		52.7	70.8				80.8	20.9	55.6		109.2	149	116.4	41.1	43	142.8	105	150.6	91.7	47.9	56.1	55.9	52.8	63.4	3.9	53.5	42.4	68.7		78.6	49.5	39.6			152.6			22.8	67.1	46.6	49.1	68.8	42.9	35.9	50.2	50.5						75.1	113.1	71.7		82.2	80.5			47	49.1	20.5	28.4				15.8							24.1			62	73.9		89.3		76.5				37.8				78.9				3.5			128.8			132.6				35.5					32.6			44.3			34.6	72.1						83.2					100.5			55.3	102.5	27.9	116	37.9	41					116.2						
				28.7		97.2	55.1				76.2	115.9	119.2	92.6	117.5	134.2	116.6	76.1	48.2	80.8	202.3	130.2	129.5	112.3	81.3	105.8	110.2	112.7	43.2	123.9	42.7	26.3	494.8	106	90	105.7			243.1			79.2	84.8	94.2	90.9	112.1	94.9	51.1	84.4	69.8		210		83.5		52.4	56	40.9		72	120.7			111	77.9		38.7											65.1			73.1			126.9		141.7			89.9	96.8				49.8				2.1			98.1			82				79.3			72.9		85.6	38.6				52.9	79	166.7						37.8								60.5	24.7	39.5	136.1	95.3	87.2				133.4	23.4		89.7				
				193.9		83.9	38.4				204.1	218.8	162.5	52.7	119.4	132.8	197.6	51.3	19.1	88.9	90.8	113.9	60	73.7	88.4	80.7	36.4	66.3	50.1	75.2	48.9	149.2	104.8	50.9	60.4	209.3			132.7			87.3	123.7	65.5	71.9	106.3	70.2	103.6	99.5	87.3						37.6		36.2		147.2	84.1			109.9	108.6	92.3	65.7				23.1					148.5		44.8						90			134.9		133.1	144.3				49.2							215.9		117.3	62.3				82.6			66.7		118					129.7	82.4	126			261.5			36.9					151.7			38.7	17.8	5.8	88.2	120.7	53.1					113						58.9
				54.9		73.9	79.4				39	64.2	82		120.5	143.9	116.4	42.2	80.9	94.9	120.8	133.1	93.7	45.4	57	64.2	55.4	67.8	102.9	112.8		60.6		91.3	47.7	92.8			127.5			40.5	68.3	54.1	55.8	48.7	43.3	54.4	80.8	40.9						71.5	68.7	45.1		79.1	70.6			32.9	33.7	480.8	114.7									43.4		24.3			29.1			76.9		82.4				71.4				59.2				6.2			120.4			122.5	39.4			60.5					48.6						52				68.8			43.3				989.2				71.5	45.1	22.3	82.7	92.7	37.6					65.2	158.8					
				46		95.6	84.3				23.8	84.6	70.3		92.5	116.1	85.5	27.2	207.3	94.4	118.6	115.5	69.5	80.9	44.2	97.3	47.2	139.8	24.7	75.2	38	51.1	147	46.6	130.5	64.3			87.5			47.8	94.6	81.2	91.7	59.3	76.1	84.1	91	40		39.8				88.7	52.2	60.6		109	66.4			138.7	142.1	40.4	30.5				30.8			45.9				17.6	49.4		48.6			125.7									67.2	68.5							172.4			78.1		12.9		96.5	55.4		60.6		65.9						123	111.8						46.4					113.1			74	6.6	2.3	115.4	58.6	73.5				59.8	63.7	204.7					
				118.5		89.4					37.7	80.8	106.2		111.6	153.3	140.8	86.1	38.8	110.9	105.1	105.9	91	64.7	74.4	67.7	69.6	63.8	39.6	118.2		103	75.4	102.1	69.2	125			167.2			113.3	53.7		42	24.7	60.1	92.6	97.4	47.1						23.9	41.8	65.3		89	128			66.3	85.3	42.7	39.1									152.9		47.8	65		111.1			128.9		156.3			162.6					40.3				4.7	51		106.5			32.5	75.3			67.8	85.7				126.2	40.5					65.6		128.9					41.7					100.3			43.9	21.3	58.9	93.2	114.4	55.7					58.3						
				24.8		84.2	80.1				88.3	118.4	157		115.5	118.8	96.2		67	96.9	93.7	116.1	83.1	156.8	164	120.5	79.3	120.8	113.7	83.9	108.8	13.4		128.2	60.9	216.1			162.4			118.6	159.2		85.6	86.1	94.2	65	113.5	94.9						78.5	62.2	127.1		102.5	144			129	290	63.4	72.7											18.4						108.6										81.2							265.3			83.1				101.6					140.3			36.4			122.5				101.9			165.1								57.1	13.8	1.6	110	154.7	125					36.1		93.7				
				87.5		143.9					357.3	161.4	106.7		100.3	82.5	99.5	104	87.7	167.6	138.3	120.3	106.6	56.9	147.6	139.3	115.8	151.3	65.3	129.7	51.1	630.5		164.6	169.4	141.2			99.6			193.4	85.2	86	107.1	84.4	106.5	80.3	94.5	118.1						52.9	63.9			56.6	103.5			183.3	166.3	53.7	208.7				15.5				555.4			77.9	170.6		60.4			104.1						231.1				77.6							104.6			50.8				142.4					168.8	124.3				294.1	163.6	136.5			129.6			32.8					89.8			90.2	17.6	6.6	97.8	210.2	173.3					71.8	99.7					141.1
				84.4		73.6					83.6	27.3	69.4		106.1	104.4	77.1	811.3	86.5	169.7	118.4	113.2	113	73.4	109.8	60.9	103.8	91.2	120.8	71.9		54.4	132.7	85.9	102.9	68.1			83.8			33.1	55.3		60.8	104.9	65.3	81	123.2	42.6						63.6	100.2	105.2		117.2	97			61.6	37.6	96.5	89.5									68.3		102.2	81.3		68.1			87		98			72.7					57.9				3.8	30		200.8			119.2	38.1			58.1	106.8				45.8	16.7					44		116.1					48.8					93.9			94.7	45.9	14.9	105.9	58.9	38.4					63.3						
				141.9		89.4	96.1				66.8	22.8	38.3		99.4	116.9	81.6	16.4	97.9	177.1	110	172.7	82.4	79.2	68	54.9	68.1	93.7	162.8	48.7		127.2		129.2	60.6				100.1			33.6	53.7	33.1	65.9	48.7	62.2	195.1	93.9	55.9						88.5	56.5	77.8		83.3	49.4			65.2	38.3	171.5	66.4									17		49.4			58.3			70.4		67.5				18.6				63.7				19.8			98			174.7	38.8			76.6					31						52				33.3			105				392.4				130.6	33.9	12.7	123.2	66.5	44.8					98.8	122.1					
				95.2		113	349.5				35.9	282.8	91.8	165.8	90	114.5	93.6	358	26.2	175.6	40.8	101.5	64	194.1	170	184.3	111.9	195.3	23.6	442.1		186.7		100.3	230.5	66.9			137.7			389.3	121.5		241.2		290.1	41.2		215.3		143				75	131.4			58.9	165.4			214	145.7	152	67.6				90.1					444.7		677.5	269.8		356.1								347.3				92	207.8				12			217.7			14.3	192.8	973.4		130.5	121.9		125		265.4						285.4		311.2		223.6			127	312.5				174.4			374.3	163	56.1	80.3	159.5	280.5					68.4	224.9			80.6		231.6
				135.3		128.9	79.8				269.3	107.4	174.1	84.6	115.3	106.1	104.7	114.3	36.7	191.8	74.4	90.7	72.7	171.1	20.1	123	127.7	219.3	82.2	179.7	196.6	58		88.3	205	107.8			87.8			133.6	91	179.1	66.7	59.8	97.9	120.5	96.4	46.4						65.8	35.8	24.8		70.6				61.2	69.8	96.3	85.2				216.2							62.5			67.9			56.7									104.2	85.9										45.3				143					149.2			50			155.7	106.9						42.6					164.3			144.5	8.3	11.4	82.2	200.6	146.1					102.5						
				49.9		91.9	68.9				115.8		122.4	103.9	105.9	112.3	108.4	66	116.7	81.8	72.6	121.3	69.3	55	108	111.5	102.3	99.3	95.2	137.6	36.9	34.5		65.8	164.8	124.8			94.3			135.3	83.9	86.5	74.8	85.2	76.5	52.2	45.5	130.5						44.7	46	59.1		73.1	97.3			119.4	153.2	45.9	42									36.3		100.6			133.8			51.7		90							63.9	79.9							127.2			138.2				112.7					152.1						115.8	126.8			60.8			111.1	155				102			55.1	21.9	18.4	97.4	73.6	81.1					67				83.7		
				58.4		118.3	126.7				122.7		88.4	110.2	100.9	65.9	131.9	69.1	49.7	120.6	71.1	81.3	88.3	170.2	288.6	147.4	190.6	138	98.1	208.4	91.1	14.4		110.5	138.9	83.9			94.1			198.7	72.7	102.3	89.3	100.5	89	21.6	32.9	161.8						97.1	117.2	120		46.2	48			156.1	65.7	299.6	101.7									120.6					53.4			60.5		118.3							60.2	132.9							43.1			148.3				79.2					197.4						158.6	134.7			89.1			41.6	64.8				259.1			111	58.2	72.5	160.1	77.1	148.2					52.3				57.7		
	115.2			87.3		59.1	95				28.4	24.8	46		92.4	86.3	103.9	28.2	151.4	119.3	54.7	48.9	53.9	114.8	156.2	87.7	67.5	108.1	191.5	92.9	241	54		76.5	79	77.7			89.2			39.9	49	46.2	67.9	180.2	102.1	27.5	23.9	73.3						72.8	103	90.3		29.5	84.4			119.8	66.9	40.1	46.5				386.2							116.4			95.1	97.6		112.4		73.4				34				84.8				7.6			89.9			241				75.1					51.1			98.1			108.9	107.9						127.3					92.6			115.5	86.7	152.2	105.1	58.7	79.9					60.3						88.2
				77.1		104.7	109.2			76.6	97.9	53.2	67.5		107.2	106.9	90.6	63.7	116	83.4	79.3	85.5	73	77	99.4	88.8	110.9	90	120.1	84.3	203.4	135.3	123.4	92.9	69.7	86.8			85.5			43.9	69.9		65.8	66.5	71.3	73.7	48.7	72.5		64.5				64	55.7	63.1		55.7	56.8			40.7	69.2	69.8	98.2				261.6					126.2		75.6			37.3			147.5									98	80.1				10	26.9		140.9			99.3				120.4			78.2		74.2	52.4					99.5	80.1			43.1			241.6								81.9	12	9.1	99.9	100	71.1					70.3						72.4
				59.9		49.5	85.3				42.6	33	33	71	76.6	72.9	66.1	45.4	330.3	97.1	83.1	101.2	108.1	44.2	50.6	45.1	61.7	62.5	57	47	16.6	86.6		82	31.6	30.5			69.9			28.6	50.1	57.7	50.6	73.9	55.9	69.9	73.5	61.4						78.1	63.5	72.9		55				29.2	29	55.3	82.1				10							43.3			39.5			83.3									62.3	47										208.3				63.1					26.9			32			40.4	76.2						67.9					65.3			70	84.2	85.3	92.1	40.3	24.1					50.6						
				168.2		114.9	117.1				102.4	58.3	73.6	147.7	99	116.5	73.6	62.3	128.1	85.7	63	80.3	91.6	90.4	88.3	69.9	79	104.8	66.6	66.8		165		95.5	64.9	59.6			118.2			67.9	81.9		117.9	49	63.9	137		70.6		174.4				160.3	55.9			164.4	55.1			83.8	67.6	64.6	53.7				139					158.7		146.6	65.8		78.6								83.4				169.6	96.3							70.7			108	46.4	88.1		36.2	87.8		81		75.2						105.9		72.8		88			35.2	154.2				69.9			118.4	11	20.1	100.6	71.4	56.3					142	117.8			79.7		70.7
	95.2			99.3		59.9	97.2				54.3	31.7	71.9	58.1	96.3	122.7	114.4	19.9	167.1	128.9	91.1	94.7	77.7	95.4	60.3	82.3	75.1	71.8	53.3	35.7	31.5	45.9		79.7	60.6	61.4			92.2			27.3	20.1	43	41	69.5	50.3	42.5	50.5	63.5						89.7	93.1	89.3		116.6	53.7			64.5	55.3	55.2	52.2											74.8			122.5			68.9		66.5							72.9	73.9				319.8			91.9	123.8		138				102.4	105.6				31.1			75			39.2	69.7						119.6					132.8			95	20.9	31.8	101.9	47.4	32.4					74.1	66			62.3		
				100.4		70.6	59.2				110.2	65	113.2	64.7	96.6	106.8	57	66.4	183.3	93.5	70.1	74.2	95.2	65.9	99.7	77.1	62.6	60.9	156.6	51.6		38.1		105.4	47.1	268.5			133.4			76.4	49.4		67.2	92.8	83	45.2		67.5		292.6				75.2	90.4			66.1	101.1			103.3	59.6	63.2	88.1				57.6					181.8		90.4	97		52.6								65.9				82.3	56.5				4			80.7			153.4	56.6	47.4		85.1	136.6		60.5		82.2						65		102.5		60.2			86.7	146.6				70.6			99.9	11.6	8.3	120.1	107.8	55.9					89.9	147.2			58.1		66
				59.5		109							95.2		94.4	97.5	69.2	86.6	165.3	115.4	97.4	105.3	134.5	91	154.2	99.9	86.3	88.7	123	121.5		33.5		32.7	105.5	113.5			87.1			148	123.1	96.8	110.7		190			109.3						49.8	72.8	64.8		90.5	104.1			191.5	221.5	200.7	198.5									81.3					80.2													86.1		68	88.8	117.9	72.2					91.6				103.8					176.3						140.1	128.8						62.6					103.7			104.5	11.7	32.9	93.8	152.4	87.7					95.9						
				126.5		107.9	86.5				70.6	116.1	109.7	87.1	120.8	91	90.5	61.4	45.9	72.2	99.5	104.5	111.3	36.9	179.1	75.1	101.9	52.7	24.2	130.7	57.6	141.4	91.5	53.6	57.1	186.3			147.4			125.8	76.8	96.6	79.4	220.1	117.2	114.5	115.8	97.7		182.5		123		60.7	31.9	52		43.6	104.9			91.3	91.7		101.9											45.8			49.9			89.8		102.6			89.4	260.2				52.5		46.3		7.1			106.8			124.1				89.7			80.3		98.6	401.9				147.4	92.7	130.3						33.8								42.3	56.1	17.8	83.4	148.2	81.6				123.3	80.5		76.2				
				174.8		144.5					225.5	36.4	42.4		85.5	88.1	69.2	190.8	83.1	199.5	212.6	336.7	252.4	78.9	117.7	101.4	147.6	90	37.2	44.6	52.8	242.3		167.5	136.7	29.3			40.1			41.3	51.7	40.4	125.4	99.8	92.3	69.9	87.3	54						158.5	79.9			97.8	68			43.8	26.1	92.8	348.9				13.9				470.4			84.5	75.1		89.7			80.2						67.1				139				7.1			177.2			65.8				84.4					38.3	54.7				31.6	34.1	80.1			39.6			27.9					61.7			57.7	17.5	6	74.9	39.9	42					198.7	102.5					35.7
				62.5		197.6	101.6			95.9		116.1	102.9	128.7	103.2	105.1	130.9	82.4	74.2	79.7	164.8	114.9	93.6	166.6	116.2	175.3	183	103.8	125.8	172.9	135.8	33.9		141.7	101.8	61.1			162.4			121.3	142.8		113.5	123.9	105.4	154.8	178.7	162.3						138.6	147.8	127.5		98.9	121.1			85.5	135.9	137.5	131.6				84.3							148.7	91		80.3			98.6		77.4				43.3			78.9	114.2				18.7			188.1			70.8				59.9					90.6	342.4					129.8	58.7						126.5					104.6			61.6	18.7	27.3	86.5	147.4	88.2					96.1				106.1		122.5
				96.9		163.3					152.3	118.9	164.8		109.1	120.9	137.1	69.5	50.3	92.9	121.4	136	102.7	83.9	57.7	122.8	130.7	96	61.3	181.2		90.8	137.8	84.1	129.6	171.9			157.4			111	122.3		100.3	57.2	185.6	106	111.9	165.9						66.4	69.8	62.8		167.1	183.5			72.8	95.7	43.9	36.1									175.4		91.3	98.5		146.6			126		90.7			179.8					126		65.9	115.1	82.5	66.4		99.4			50.1	78.4			96.2	231.7				106	110.1					33.3		121.1					91.4					251.7			65.5	15.7	34.6	65.4	143.1	120.4					114.2						
				169.6		122.4					53.1	58	83.9		101.9	118.2	108.8	161.8	56.5	89.9	58.9	65.3	58.3	116.7	63.1	127.8	116.6	88.2	67.5	126.8		103.5	133.1	137.7	167.1	57.7			132.2			46.7	49.1		103.2	87	91	90.6	74.1	119.8						63.9	77.5	62.3		52.6	85.2			60.4	35.5	56.9	80.3									29.1		29.7	59		63.8			60.9		80.3			53.9					105.6			8.7	4.2	50.7		143.2			143.5	46.4			55.2	197.6				51.9	38.8					91.4		118.1					558.8					81.2			68.5	117.2	65.4	183.6	77.7	106.7					58.2						
				60.9		109.6					258.5	140.8	129.5		115.7	124.1	131.3	65.5	55.5	86.6	92	101.6	59.9	63.8	105.2	107.5	95.6	94.5	69.8	138.1	122.6	175.1		94.3	87.6	174.9			152.6			133.7	67.4	86.4	102.6	86.8	123.4	30.5	39	68.1						85.4	93.6			61.5	116.1			153.6	109.5	107.7	301.8				229.7				76.7			81.8	145.2		83.8			112.3						255.1				95.8				15.9			109.1			61.1				108.4					118.8	107.3				262.7	124	113.8			88			41.6					87.6			74.5	24.4	17.4	98.1	169.8	124.3					66.4	151.7					101.1
				51		106.4	120.9			143.7	255.1	169.7	118.7	69.3	117.1	129.6	132.7	60.2	53	86.8	84.4	107.9	64.3	68	105.4	120.3	105.1	92.4	68.3	169.1		260.7		93.2	84.8	168.4			121.8			138.1	93.5	73.8	109.9		117.2	82.6	78.6	78.2						95	86.4	94.3		93.1	124.5			120.7	118.1	125.8	134.2											88.6						131.1		266.4			195.6					93				57			60.3			46.8				81.4					124	164.5					135.9	144.2			75.7			36.3					102.7			84.4	62.1	26.8	94.8	172.1	133.5					73.4						119.2
				145.8		65.5	99.8			55.4	121.4	43.2	68.1		117.3	155	126.1	39.2	43.5	134.7	90.5	116.1	88.8	34.9	56.1	44	56.3	57.3	58.4	50	54.8	60.4	70	62.9	37.2	30.4			188.4			26.7	66.4		45.5	44.5	39.8	43.5	70.3	38.2		69.2				58.9	74.1	65.5		64.2	62.4			46.4	33.8	43.1	39.4				19.6					79.3		61.8			15.3			81.1									89.4	67.9					22		145.5			113.6				51.4			56.2		44.3	8.7					42.9	77.3			32.8			45.6								64.2	11.8	5.5	113.9	51.2	31.4					84.9						52.6
				171.4		125.2	54.8				240.4	293.6	175.5	109.5	110.2	128.3	134.2	90.4	35.6	85.5	80.7	86.2	105.1	116.2	130.1	119.9	59.8	84.6	30.1	130.9	91.4	146.5	296.8	86.7	84.3	193.1			267.7			144	171.3	95.4	84.3	90.5	92.4	111.1	140.8	145.2		285.6		167.2		38.4	40.3	43.5		125.8	110.3			229.4	239.8		52.5											72.9			53.5			89.8		230.8			147.8	120.5				56.9				3.5			172			44.3				97.1			83		129.4	62.6				201.2	136	188.2						52.7								51.4	15.3	5.3	85.9	163.1	91.1				137.4	101.1		126				
				74.3		77.6	62.6			73.6	66.1	82.4	93.3	50.2	123.3	143.3	107.6	34.3	74.7	103.8	84.5	105	83.3	52.7	63.9	66.5	49.1	54.6	111.7	94.3		120.6		63.4	50.4	116.1			100.7			49.8	89.6	107.9	49.3		46.8	56.9	99.3	34.2						57.7	64.1	51.9		56.4	68.9			41.9	41.6	64.7	70.4											49.3						68.4		87.7			49.4					53.6				60.3			116.2			65.5				84.7					63.1						52.5	92.7			50.8			28.5					116.6			56.1	6.2	6.3	69.7	116.3	58.9					70.9						49
				61.5		97.5	134				34.2	70.5	106.8		112.1	156	130.5		75.5	79.6	130	150.8	70.4	85.1	33	112.4	51.2	143.8	9.2	86.8	45.3	76.4		36.3	170.3	75.2			83.9			54.7	114.2		118.7	167.8	90.2	82.4	75.3	54.3						79.6	50.2	40.1		93.3	88.6			202.2	166	81.7	161.5											12.3						124										79							144.3			29.4				70					86.2			244			86.3				93			42.4								179.3	3.5	2.5	128.9	89.5	105.8					65.9		125.7				
	45.3			93.6		37	40.2				33.6	55.7	83.2	43.5	123	168.3	207.4	37.4	53	101.4	93.8	97.3	68.2	39.4	51.6	46	32.6	33.2	64.2	50.8	44.8	91		101.3	29.7	134.3			112.5			50.1	13.4	88	30.7	75.2	47.4	12.8	23.3	24.1						32.9	38.6	51.2		40	69.8			43.3	38.9	49.3	47.5											23.7			41.9			75.4		73.2							82.8	52.1							92.7			63.5				47.8	85.5				67.2						38.9	80.9						27.5					85.8			48.7	13.2	23.5	102.8	63.8	29.6					55.1	171.4			52.1		
				41.5		94.8	54.8				65.5	114.1	153.3	102.6	121.7	101.7	151.9	53.7	73.1	84.7	46.6	70	68.3	134.8	103.1	109.4	79.7	112.3	107.3	85.6	67.8	8.4	93.2	86.7	77.1	184.8			172.2			81.8	340.6	98.4	95.5	117.8	87.8	109.1	164	98.8						102.4		100.9		197.8	141			115.2	201.4	106.5	139.3				10.5					161.7		17.7						118			44.7		114	111.2				51							170.2		183.1	95.6				105.1			95.9		126.7					42.9	112.1	96.5			175.4			172.7					147.9			84.9	7.9	7.1	116.2	132.8	90.2					55.3						90.4
				80.4		124.6	79.4			151.2	233.5	131.1	86.9	58	110.3	110.5	78.3	92.7	59.8	140.4	134.2	134.7	81	59.1	146.3	123.5	125.1	101	85.6	113.3		473.2		104.1	139.2	137.3			82.3			171	118.1	64.4	97.1		93.3	84	106.4	70.3						67.8	57.4	56.3		68.3	70.4			151.1	141.4	35	31.5											53.3						195.1		184.4			115.7					94.4				59.1			119.6			61.4				105.3					156.6	99.6					169.1	96.7			57			33.5					69.2			87.4	15.5	4.8	96.7	190.1	139.6					108						119.9
				78.6		123.9	113.6			123.1	243.3	113.5	91.6	58.5	111	112.9	80	78.4	59.5	137.1	119.5	139.1	76.8	58.4	149.4	108.7	126.5	96	84.6	118.2		515.1		89	134.1	128.6			104.4			167.5	97.3	63.9	98.3		95.7	67	99.4	68.1						72	60.7	63.5		59	75.2			128.2	127.5	32.7	49.2											59.6						172.2		245			150.1					83.8				54.1			74.7			57.1				91.8					154.4	173.1					156.5	91.1			41			33.1					65.6			77.3	12.9	6	98.3	193.4	136.2					104.2						117.4
				93.7		71.3	123.6			49.3		60.9	92	64.1	111.2	104.8	110.9	824.9	84.9	170.5	102.4	109.6	82	88.7	94.2	75.9	131.5	93.5	126.3	67.1	24.4	72.8		74.2	101	82.1			78.9			26.9	57.4		81.5	126.3	70.2	103	205	40.1						58.1	74.1	73.2		111.6	124.3			55.5	41.7	97.3	127.7				65.4							103.4	76.9		74.3			91		93.8				42.3			108	64.6				24.8			79			69				86.3					54.7	15.2					76.1	110.1						55.2					87.6			87	10.3	5.7	88	66	44.5					69.3				120.6		75
				159.7		116.6	97.4				50.2	25.3	39.3		100.7	144.6	52.1	32.2	63.5	110.1	128.4	201.1	76.1	48.4	85.1	47.9	48.7	61.5	86.6	38	38.5	257	179.9	123.7	59.3	14.8			101.2			26.9	80.3	18.6	69.9	36.1	56.5	230.5	140.2	37.7		44.2				107.2	64.6	121.9		148.4	64.5			60.7	38.2	107.3	108.5							10.8				34.1	67.9		25.4			99.2									142.1	76.8							135.5			215.8		9		59.7	364.8		51		21.3						40.3	105						91.5					85.6			68.8	49.2	10.2	113.7	60.1	50.3				36	182.6	268.3					
				115.2		156.5							168.2		110.4	101.2	61.3	550.4	22.5	73	55.2	98.3	48	120.4	108.2	149.4	114	129.9	17	274.3		313.5		51.2	158.3	118.9			104.6			322	199.2	115.9	142.6		172.5			189.5						86.1	102.6	74.3		130	97.6			295.1	299.9	268.8	189.1									320.1		525.7			273.1													185.7		22.1	75.1	55.9	61.1					46.2				80.4					190.4						228.3	183						72.1					150.5			337.7	24.6	15	98.5	203.5	197.5					113.3						
				123.1		147.9	104.8				460.1	167.5	169	128.9	114.5	120.7	106	167.2	39	100.8	108.6	129.3	112	166.2	27.7	146.8	145.5	164	93.7	137	293.3	69.5	85.7	114.5	182.1	144.7			116.6			184.3	168.8	142.9	77.9	133.8	103.8	57.1	66.3	63						54.9		166		64.8	143.8			73.4	74.7	106.4	83.4				435.9					141.7		70.7						78.7			167.5		168.9	123.4				85.8							247.7		231.7	28.2				174.2			134.5		168.9					114.1	203.2	116.2			450			33.8					97.8			110.8	7.3	10.8	75.4	238.8	175.8					119.6						125.3
				54.8		80.6							128.5		109	110.7	113.9	137.3	80.7	77.7	70.2	118.2	83.6	83.1	105.8	120.7	98.7	86.6	58.9	136.6		30.9		59.3	136.5	132.2			96.2			124.7	124.4	55.2	69.5		80.2			183.4						53.9	79.2	76.9		68.8	109.8			102.5	136.5	46.5	75.8									28.4		105.6			69.4													93.3		592.7	279.9	463.8	294.1					203.5				140.6					159						97.6	158.4						81.4					102.6			43.7	115.6	115.9	122.1	56.9	80.7					84.5						
				76.6		170.5					32.2	205.7	113.3		98.1	75	107.7		56.2	98.8	77.5	81.3	125.6	152.6	413.1	149.9	174.2	117.1	90.2	196.2	98.9	53.3		110.3	88	166.1			101.9			214.6	161.4	87.2	124.5	117.2	123.8	30.6		205.7				94.9		89.9	106.9	103.1		68	88.9			162.6	189.3	196.4	192.6				74.7					109.3					62.9			70.1		131				122.1				120.7				3.4			55.4			133				71.6					195.4						214							108.9					215.9			98	20.2	18.5	107.8	99.4	132.9					85						
				77.2		136.9	171.1				184.1	65.9	69.8		112.1	99.9	79.8	55.5	122.4	97.1	71.5	74.5	64.9	110	88.1	88.1	113.5	105.8	121.3	102.3		137.1		80.9	71	161.5			85.1			63.4	103.5	86.8	86.8	73.9	74.2	194.8	121.9	90.1						75.1	68	59.3		55.3	65.6			42	69.4	275.7	81.8									118.4		70			108.3			152.8		112.3				100.5				68.3				3.2			89.8			157.9	78.1			115.4					89.9						118.9				63.8			354.4				230.7				103.4	8.1	11.8	105.1	118.1	71.6					77.7	103.3					
	120.2			84.5		65.2	41.7				110.4	16.9	55.3	53.4	111.1	104.5	87.1	48.7	135.2	114.4	117	133.1	116.1	56.6	45.7	58.1	67.6	67.8	68.9	53	17.1	161.5		94.5	48.5	48.7			73.8			33.1	50.2	93.9	51.1	133.2	67.6	49.7	119.8	65.1						60.3	63.4	95.8		50.2	64.6			35	28.5	180.1	249.3				17.1							44.7			56.3			107		43.3							88.5	67.7				13.2			65.1	64		137.7				103.1	30				33.4			33.1			49.7	114.3						72.5					46.7			80.8	12.7	15.2	103.2	46.5	27.4					58.4	95.9			206.1		
				69.2		65.1	147.5				67.8	29.6	69.5		94.4	125.6	110.8		84.9	91.3	76.7	80.8	90.9	106	81.7	115.5	86.8	78.3	48.8	54.8	46	34.4		67.6	81.1	57.9			74.9			33.2	46.5		58.5	92.6	59.8	53.4	33.3	83.8						124.1	156.8	78.9		122.2	58.6			73.3	79.2	196.9	241.7											85.7						62.9										89							81.7			294.2				79.7					46.3			67.1			45.7				42.6			135.1								120.1	151.6	328.5	169.3	58	42.5					51.9		24.9				
				118.1		143.2	111.2			150.8		126.9	116.9	75.9	119.9	78	102.8	80.4	43.6	95.9	78.6	89.4	75	47.4	192.9	89.2	103.8	96	34.2	174.4	73	167.6		73.4	74.8	156.1			83			150.9	92.8		93.1	208.3	152.7	91.1	122.9	114						78	48.8	64.6		71.5	133.3			109.6	95.2	64.5	91.3				74.9							80.3	182.8		54.9			93		55.1				183.6			107	91.6				86.9			112.8			88.9				146.8					129.6	406					113.4	128.4						62.1					79.6			152.5	40	7.1	80.1	163.4	85.5					88.7				160.7		160.8
				132.1		62.6	156.5			74.8		19.5	34.3	107.5	72.8	84.2	63.4	51.7	234.1	233.8	98.2	109.7	87.4	23.6	142.5	55.5	61	63.8	321.8	40.6	43	72.6		174.9	97.2	29.1			105.2			35.6	44.9		100.1	59.6	53.7	113.5	88	57.7						68.9	124.6	152.5		76.9	48.1			130	38.1	50	65				52.2							348.2	207.7		141			36.2		33.1				36.8			127	67.2				15.5			46			114.6				74.7					27.2	10.5					33.5	95.9						214.2					135			17	5.4	2.5	84.4	49.1	33.7					148				100.8		127.9
